contig	length_kb	n_frags	cumul_length
sctg_0	3745584	987	0
sctg_10	1271836	357	987
sctg_100	546921	151	1344
sctg_1000	6814	3	1495
sctg_1001	6781	2	1498
sctg_1002	6756	2	1500
sctg_1003	6685	2	1502
sctg_1004	6716	2	1504
sctg_1006	6569	3	1506
sctg_1007	6549	2	1509
sctg_1008	6555	3	1511
sctg_1009	6537	2	1514
sctg_101	536733	139	1516
sctg_1010	6597	2	1655
sctg_1011	6515	2	1657
sctg_1012	7278	3	1659
sctg_1013	6499	3	1662
sctg_1014	12980	3	1665
sctg_1015	6416	2	1668
sctg_1016	6410	3	1670
sctg_1017	6407	2	1673
sctg_1018	6380	2	1675
sctg_1019	6846	2	1677
sctg_102	520191	141	1679
sctg_1020	6345	3	1820
sctg_1021	6315	2	1823
sctg_1022	6313	3	1825
sctg_1023	6307	2	1828
sctg_1024	6307	2	1830
sctg_1026	13677	2	1832
sctg_1027	8812	1	1834
sctg_1028	14884	3	1835
sctg_1029	6278	1	1838
sctg_103	523379	133	1839
sctg_1030	6264	2	1972
sctg_1031	6254	2	1974
sctg_1032	6248	2	1976
sctg_1033	6243	3	1978
sctg_1034	6234	3	1981
sctg_1035	15062	1	1984
sctg_1036	8633	1	1985
sctg_1037	6207	2	1986
sctg_1038	6258	2	1988
sctg_1039	6183	3	1990
sctg_104	522721	131	1993
sctg_1040	5073	4	2124
sctg_1041	6242	2	2128
sctg_1042	6125	2	2130
sctg_1043	6221	2	2132
sctg_1044	6079	2	2134
sctg_1045	6040	2	2136
sctg_1046	6030	3	2138
sctg_1047	6240	2	2141
sctg_1048	6016	3	2143
sctg_1049	6015	2	2146
sctg_105	521263	129	2148
sctg_1051	5972	2	2277
sctg_1052	5968	3	2279
sctg_1053	13894	1	2282
sctg_1054	5951	2	2283
sctg_1055	6522	4	2285
sctg_1056	5934	1	2289
sctg_1058	5928	2	2290
sctg_1059	5925	3	2292
sctg_106	515965	141	2295
sctg_1060	5909	2	2436
sctg_1061	5894	2	2438
sctg_1062	5885	2	2440
sctg_1063	5884	3	2442
sctg_1064	5876	3	2445
sctg_1065	5859	3	2448
sctg_1066	6827	1	2451
sctg_1067	5833	2	2452
sctg_1068	4000	2	2454
sctg_1069	5761	3	2456
sctg_107	521539	134	2459
sctg_1070	5768	2	2593
sctg_1071	5764	2	2595
sctg_1072	5754	3	2597
sctg_1073	5752	3	2600
sctg_1074	5799	2	2603
sctg_1075	7698	2	2605
sctg_1076	5691	2	2607
sctg_1077	5613	3	2609
sctg_1078	5633	2	2612
sctg_1079	5697	3	2614
sctg_108	521777	136	2617
sctg_1080	6036	2	2753
sctg_1081	5574	2	2755
sctg_1082	6817	2	2757
sctg_1083	5660	2	2759
sctg_1084	5551	2	2761
sctg_1085	7155	1	2763
sctg_1086	5498	2	2764
sctg_1087	5492	3	2766
sctg_1088	6276	2	2769
sctg_1089	10690	2	2771
sctg_109	511637	142	2773
sctg_1090	6191	4	2915
sctg_1091	5426	3	2919
sctg_1092	5641	2	2922
sctg_1093	5382	2	2924
sctg_1094	6283	1	2926
sctg_1095	8793	1	2927
sctg_1097	5357	2	2928
sctg_1098	5323	2	2930
sctg_1099	6148	2	2932
sctg_11	1201849	329	2934
sctg_110	518109	126	3263
sctg_1100	5400	2	3389
sctg_1101	5385	1	3391
sctg_1102	5281	2	3392
sctg_1103	5404	2	3394
sctg_1104	5225	2	3396
sctg_1105	5188	2	3398
sctg_1106	5185	1	3400
sctg_1107	5357	1	3401
sctg_1108	5453	2	3402
sctg_1109	5160	3	3404
sctg_111	507503	131	3407
sctg_1110	5157	2	3538
sctg_1111	6071	2	3540
sctg_1112	5116	2	3542
sctg_1113	9309	1	3544
sctg_1114	5082	2	3545
sctg_1115	6407	2	3547
sctg_1116	5232	1	3549
sctg_1117	5094	2	3550
sctg_1118	4977	2	3552
sctg_1119	13383	2	3554
sctg_112	523010	134	3556
sctg_1120	4942	2	3690
sctg_1122	6119	1	3692
sctg_1123	6258	1	3693
sctg_1124	4916	1	3694
sctg_1125	5477	1	3695
sctg_1126	4914	2	3696
sctg_1127	5881	1	3698
sctg_1128	3611	1	3699
sctg_1129	12920	1	3700
sctg_113	497380	131	3701
sctg_1130	4893	2	3832
sctg_1131	4847	2	3834
sctg_1132	6323	1	3836
sctg_1133	7053	1	3837
sctg_1135	6807	2	3838
sctg_1136	4812	2	3840
sctg_1137	6368	4	3842
sctg_1138	4762	2	3846
sctg_1139	4326	1	3848
sctg_114	502603	125	3849
sctg_1140	6597	1	3974
sctg_1141	6101	2	3975
sctg_1143	6148	2	3977
sctg_1144	4647	2	3979
sctg_1146	4627	1	3981
sctg_1147	4576	2	3982
sctg_1148	5345	2	3984
sctg_1149	4604	2	3986
sctg_115	504428	133	3988
sctg_1150	3644	2	4121
sctg_1151	4688	1	4123
sctg_1152	4578	1	4124
sctg_1154	4537	1	4125
sctg_1156	4501	2	4126
sctg_1157	4473	2	4128
sctg_1158	3763	2	4130
sctg_116	506676	125	4132
sctg_1160	4561	2	4257
sctg_1161	4460	2	4259
sctg_1162	4453	1	4261
sctg_1163	4450	2	4262
sctg_1166	4904	2	4264
sctg_1167	4510	2	4266
sctg_1168	4333	2	4268
sctg_117	508313	124	4270
sctg_1171	4460	2	4394
sctg_1172	4309	1	4396
sctg_1173	7246	2	4397
sctg_1175	3664	2	4399
sctg_1177	12690	2	4401
sctg_118	496777	125	4403
sctg_1180	4197	1	4528
sctg_1182	4322	2	4529
sctg_1183	4677	2	4531
sctg_1186	4041	2	4533
sctg_1187	4057	2	4535
sctg_1189	3515	3	4537
sctg_119	491596	138	4540
sctg_1190	4113	2	4678
sctg_1192	3977	2	4680
sctg_1193	3933	2	4682
sctg_1194	3915	1	4684
sctg_1195	3912	1	4685
sctg_1199	3903	1	4686
sctg_12	1207602	320	4687
sctg_120	483608	130	5007
sctg_1202	3794	1	5137
sctg_1203	3793	2	5138
sctg_1204	6539	1	5140
sctg_1205	3745	1	5141
sctg_1206	3720	2	5142
sctg_1208	3662	2	5144
sctg_121	515706	122	5146
sctg_1211	3621	2	5268
sctg_1212	3615	1	5270
sctg_1214	3603	1	5271
sctg_1215	3578	1	5272
sctg_122	487711	125	5273
sctg_1226	3460	1	5398
sctg_123	494152	127	5399
sctg_1230	4305	1	5526
sctg_1232	3412	2	5527
sctg_1233	3410	1	5529
sctg_1234	3398	1	5530
sctg_1237	3373	2	5531
sctg_124	476472	125	5533
sctg_1242	3339	1	5658
sctg_1243	5827	1	5659
sctg_1246	3295	1	5660
sctg_1247	6164	1	5661
sctg_1249	3272	2	5662
sctg_125	479714	134	5664
sctg_1250	3263	2	5798
sctg_1251	4029	2	5800
sctg_1252	3250	2	5802
sctg_1253	3243	1	5804
sctg_1254	3240	1	5805
sctg_1256	3228	2	5806
sctg_1257	3226	1	5808
sctg_126	483671	126	5809
sctg_1262	3198	1	5935
sctg_1263	3181	1	5936
sctg_1269	7171	2	5937
sctg_127	478815	132	5939
sctg_1270	3148	2	6071
sctg_1273	3117	2	6073
sctg_1274	3109	2	6075
sctg_1276	5519	1	6077
sctg_1277	3093	2	6078
sctg_1278	3087	1	6080
sctg_1279	3085	1	6081
sctg_128	478782	121	6082
sctg_1280	3084	2	6203
sctg_1283	3076	2	6205
sctg_1285	3067	1	6207
sctg_1286	3060	2	6208
sctg_1288	3047	1	6210
sctg_1289	3042	1	6211
sctg_129	473873	119	6212
sctg_1292	3023	2	6331
sctg_1295	3005	2	6333
sctg_1296	2976	2	6335
sctg_1297	3000	1	6337
sctg_1298	2974	2	6338
sctg_1299	2995	2	6340
sctg_13	1198315	320	6342
sctg_130	461857	129	6662
sctg_1303	2964	2	6791
sctg_1304	2958	1	6793
sctg_1305	2958	1	6794
sctg_1307	2954	1	6795
sctg_1308	2952	2	6796
sctg_1309	2950	2	6798
sctg_131	469652	114	6800
sctg_1310	2945	1	6914
sctg_1311	2939	1	6915
sctg_1318	2911	2	6916
sctg_132	456593	130	6918
sctg_1323	2882	2	7048
sctg_1326	2876	2	7050
sctg_133	463476	126	7052
sctg_1330	2861	1	7178
sctg_1332	2844	2	7179
sctg_1334	2845	2	7181
sctg_1335	6167	1	7183
sctg_1336	2835	2	7184
sctg_1337	2834	2	7186
sctg_1338	2821	2	7188
sctg_1339	2820	2	7190
sctg_134	451763	128	7192
sctg_1343	2743	2	7320
sctg_1345	2805	2	7322
sctg_1346	2800	2	7324
sctg_1347	2799	2	7326
sctg_1349	2788	1	7328
sctg_135	450597	121	7329
sctg_1351	2779	2	7450
sctg_1356	2768	1	7452
sctg_1359	2749	2	7453
sctg_136	452496	122	7455
sctg_1360	2747	1	7577
sctg_1361	2747	1	7578
sctg_1362	2719	2	7579
sctg_1363	2742	1	7581
sctg_1364	2738	2	7582
sctg_1366	2736	1	7584
sctg_1367	2733	2	7585
sctg_1368	2722	2	7587
sctg_137	453703	114	7589
sctg_1370	2712	1	7703
sctg_1372	2705	1	7704
sctg_1376	2690	1	7705
sctg_1379	2686	2	7706
sctg_138	439392	112	7708
sctg_1380	2684	2	7820
sctg_1383	2678	1	7822
sctg_1384	2677	1	7823
sctg_1387	2673	1	7824
sctg_1389	2667	2	7825
sctg_139	445129	114	7827
sctg_1390	2666	2	7941
sctg_1394	2654	1	7943
sctg_1395	2652	2	7944
sctg_1396	2650	2	7946
sctg_1397	2648	2	7948
sctg_1398	2644	1	7950
sctg_1399	2642	1	7951
sctg_14	1172230	322	7952
sctg_140	440654	130	8274
sctg_1401	2640	1	8404
sctg_1402	2639	1	8405
sctg_1404	2601	1	8406
sctg_1407	2589	1	8407
sctg_1409	2622	1	8408
sctg_141	435803	118	8409
sctg_1410	2621	1	8527
sctg_1414	2615	1	8528
sctg_1416	2613	2	8529
sctg_1417	2606	2	8531
sctg_1419	2589	1	8533
sctg_142	439664	110	8534
sctg_1420	2588	1	8644
sctg_1421	2587	2	8645
sctg_1422	2584	2	8647
sctg_1423	2536	1	8649
sctg_1424	2580	1	8650
sctg_1425	2512	2	8651
sctg_1428	2569	1	8653
sctg_143	432829	118	8654
sctg_1430	2566	2	8772
sctg_1436	2543	2	8774
sctg_1438	2487	2	8776
sctg_1439	2538	2	8778
sctg_144	431193	112	8780
sctg_1441	2540	1	8892
sctg_1443	2532	1	8893
sctg_1446	2530	2	8894
sctg_1447	2530	2	8896
sctg_1448	2529	2	8898
sctg_145	436202	108	8900
sctg_1450	2524	1	9008
sctg_1452	2521	2	9009
sctg_1455	2511	1	9011
sctg_1456	2511	2	9012
sctg_1459	2500	1	9014
sctg_146	434360	118	9015
sctg_1460	2498	2	9133
sctg_1461	2498	2	9135
sctg_1462	2497	2	9137
sctg_1463	2497	2	9139
sctg_1464	2493	1	9141
sctg_1467	2486	1	9142
sctg_1468	2486	2	9143
sctg_147	421466	110	9145
sctg_1472	2473	2	9255
sctg_1473	2473	2	9257
sctg_1474	2472	1	9259
sctg_1475	2464	1	9260
sctg_1476	2459	2	9261
sctg_1477	2462	1	9263
sctg_1478	2458	1	9264
sctg_148	424104	117	9265
sctg_1480	2416	2	9382
sctg_1482	2422	2	9384
sctg_1484	2409	1	9386
sctg_1485	2455	2	9387
sctg_1487	2451	1	9389
sctg_149	416312	113	9390
sctg_1490	2446	1	9503
sctg_1491	2443	2	9504
sctg_1492	2442	2	9506
sctg_1493	2440	1	9508
sctg_1494	2403	1	9509
sctg_1495	2436	2	9510
sctg_1496	2403	1	9512
sctg_1497	2403	1	9513
sctg_15	1139494	297	9514
sctg_150	422720	111	9811
sctg_1502	2427	1	9922
sctg_1505	2423	1	9923
sctg_1506	2421	1	9924
sctg_1509	2418	1	9925
sctg_151	413142	107	9926
sctg_1511	2413	1	10033
sctg_1515	2407	2	10034
sctg_1516	2406	2	10036
sctg_1517	2402	1	10038
sctg_1518	2401	2	10039
sctg_1519	2400	1	10041
sctg_152	420878	107	10042
sctg_1520	2399	2	10149
sctg_1522	2395	2	10151
sctg_1525	2386	1	10153
sctg_1529	2376	1	10154
sctg_153	404940	116	10155
sctg_1530	2376	2	10271
sctg_1532	2369	1	10273
sctg_1533	2368	1	10274
sctg_1535	2366	2	10275
sctg_1536	2366	1	10277
sctg_1537	2366	2	10278
sctg_1539	2358	1	10280
sctg_154	418983	111	10281
sctg_1541	2324	1	10392
sctg_1542	2354	1	10393
sctg_1543	2353	1	10394
sctg_1544	2350	2	10395
sctg_1545	2347	2	10397
sctg_1547	2346	1	10399
sctg_1548	2344	1	10400
sctg_1549	2344	2	10401
sctg_155	409479	112	10403
sctg_1552	2315	1	10515
sctg_1553	2336	2	10516
sctg_1554	2335	2	10518
sctg_1555	2333	2	10520
sctg_1558	2330	1	10522
sctg_1559	2328	1	10523
sctg_156	405149	115	10524
sctg_1560	2321	2	10639
sctg_1561	2328	1	10641
sctg_1563	2246	2	10642
sctg_1565	2325	2	10644
sctg_1566	2323	1	10646
sctg_1567	2321	2	10647
sctg_1568	2320	1	10649
sctg_1569	2318	2	10650
sctg_157	411445	110	10652
sctg_1570	2317	1	10762
sctg_1571	2313	2	10763
sctg_1572	2313	2	10765
sctg_1573	2311	1	10767
sctg_1576	2307	2	10768
sctg_1577	2302	1	10770
sctg_1578	2306	1	10771
sctg_1579	2305	1	10772
sctg_158	408399	108	10773
sctg_1581	2303	1	10881
sctg_1582	2301	1	10882
sctg_1586	2296	1	10883
sctg_1587	2294	1	10884
sctg_1588	2292	1	10885
sctg_1589	2289	1	10886
sctg_159	398523	108	10887
sctg_1590	2289	2	10995
sctg_1591	2287	1	10997
sctg_1592	2286	2	10998
sctg_1593	2286	1	11000
sctg_1594	2281	2	11001
sctg_1595	2273	2	11003
sctg_16	1133248	311	11005
sctg_160	394780	110	11316
sctg_1600	2274	1	11426
sctg_1604	2270	2	11427
sctg_1605	2267	2	11429
sctg_1606	2251	1	11431
sctg_1607	2260	1	11432
sctg_1609	2256	1	11433
sctg_161	400297	107	11434
sctg_1611	2255	2	11541
sctg_1612	2253	1	11543
sctg_1613	2252	1	11544
sctg_1615	2250	2	11545
sctg_1618	2244	2	11547
sctg_1619	2244	2	11549
sctg_162	401382	103	11551
sctg_1621	2241	2	11654
sctg_1622	2240	1	11656
sctg_1624	2239	2	11657
sctg_1626	2237	2	11659
sctg_1629	2232	1	11661
sctg_163	402252	103	11662
sctg_1630	2228	1	11765
sctg_1632	2226	2	11766
sctg_1633	2226	2	11768
sctg_1634	2226	2	11770
sctg_1635	2225	1	11772
sctg_1636	2175	2	11773
sctg_1638	2220	2	11775
sctg_164	400887	108	11777
sctg_1640	2219	2	11885
sctg_1642	2217	2	11887
sctg_1643	2217	1	11889
sctg_1644	2217	1	11890
sctg_1647	2214	2	11891
sctg_1648	2212	2	11893
sctg_1649	2211	1	11895
sctg_165	399073	108	11896
sctg_1650	2210	2	12004
sctg_1651	2209	1	12006
sctg_1653	2175	2	12007
sctg_1654	2207	1	12009
sctg_1655	2205	1	12010
sctg_1656	2204	2	12011
sctg_166	407896	92	12013
sctg_1661	2193	2	12105
sctg_1662	2191	2	12107
sctg_1663	2172	2	12109
sctg_1664	2191	2	12111
sctg_1665	2190	1	12113
sctg_1667	2189	2	12114
sctg_1669	2185	2	12116
sctg_167	412829	105	12118
sctg_1674	2178	2	12223
sctg_1675	2178	1	12225
sctg_1677	2175	2	12226
sctg_1678	2175	1	12228
sctg_1679	2175	2	12229
sctg_168	392037	110	12231
sctg_1680	2174	2	12341
sctg_1681	2173	1	12343
sctg_1682	2135	1	12344
sctg_1684	2163	2	12345
sctg_1685	2169	1	12347
sctg_1687	2164	1	12348
sctg_1689	2163	2	12349
sctg_169	393698	100	12351
sctg_1690	2162	2	12451
sctg_1695	2159	2	12453
sctg_1697	2154	1	12455
sctg_1698	2154	1	12456
sctg_17	1123385	301	12457
sctg_170	380651	99	12758
sctg_1700	2153	1	12857
sctg_1701	2153	2	12858
sctg_1702	2152	1	12860
sctg_1704	2149	1	12861
sctg_1705	2147	2	12862
sctg_1707	2146	1	12864
sctg_1708	2135	2	12865
sctg_1709	2145	2	12867
sctg_171	378343	101	12869
sctg_1710	2145	2	12970
sctg_1712	2144	1	12972
sctg_1715	2143	2	12973
sctg_1717	2141	2	12975
sctg_1718	2141	2	12977
sctg_172	376979	104	12979
sctg_1720	2140	1	13083
sctg_1724	2134	2	13084
sctg_1726	2132	2	13086
sctg_1727	2130	1	13088
sctg_1729	2128	2	13089
sctg_173	380134	107	13091
sctg_1731	2128	2	13198
sctg_1732	2117	2	13200
sctg_1733	2127	1	13202
sctg_1734	2127	1	13203
sctg_1735	2127	2	13204
sctg_1737	2125	2	13206
sctg_1738	2125	2	13208
sctg_174	375833	95	13210
sctg_1740	2120	1	13305
sctg_1741	2119	1	13306
sctg_1742	2119	2	13307
sctg_1743	2116	1	13309
sctg_1744	2115	2	13310
sctg_1745	2115	2	13312
sctg_1746	2115	1	13314
sctg_1747	2111	1	13315
sctg_1748	2114	1	13316
sctg_1749	2114	2	13317
sctg_175	373580	102	13319
sctg_1750	2114	2	13421
sctg_1751	2113	2	13423
sctg_1752	2112	2	13425
sctg_1753	2112	1	13427
sctg_1755	2109	2	13428
sctg_1756	2109	2	13430
sctg_176	377841	96	13432
sctg_1760	2107	2	13528
sctg_1762	2105	1	13530
sctg_1763	2105	1	13531
sctg_1764	2105	1	13532
sctg_1765	2104	1	13533
sctg_1766	2104	2	13534
sctg_1767	2103	2	13536
sctg_177	372647	100	13538
sctg_1773	2095	2	13638
sctg_1776	2092	2	13640
sctg_1777	2092	2	13642
sctg_1779	2086	1	13644
sctg_178	369726	101	13645
sctg_1782	2085	2	13746
sctg_1783	2082	1	13748
sctg_1784	2082	2	13749
sctg_1785	2081	2	13751
sctg_1786	2081	2	13753
sctg_1788	2078	2	13755
sctg_1789	2077	1	13757
sctg_179	375655	101	13758
sctg_1791	2077	1	13859
sctg_1792	2077	1	13860
sctg_1793	2077	2	13861
sctg_1794	2074	1	13863
sctg_1795	2073	2	13864
sctg_1798	2072	2	13866
sctg_1799	2070	1	13868
sctg_18	1118169	295	13869
sctg_180	376675	94	14164
sctg_1801	2069	2	14258
sctg_1802	1982	2	14260
sctg_1804	2068	2	14262
sctg_1805	2068	2	14264
sctg_1807	2065	1	14266
sctg_1808	2065	2	14267
sctg_181	374232	90	14269
sctg_1811	2061	1	14359
sctg_1813	2060	2	14360
sctg_1814	2013	2	14362
sctg_1815	2060	1	14364
sctg_1816	2060	2	14365
sctg_1817	2058	2	14367
sctg_1819	2056	2	14369
sctg_182	370035	98	14371
sctg_1822	2000	1	14469
sctg_1825	2050	2	14470
sctg_1828	2049	2	14472
sctg_1829	2043	2	14474
sctg_183	354741	94	14476
sctg_1830	2048	2	14570
sctg_1833	2047	2	14572
sctg_1834	2046	2	14574
sctg_1836	2046	2	14576
sctg_1838	2045	2	14578
sctg_1839	2045	2	14580
sctg_184	359996	90	14582
sctg_1840	2043	1	14672
sctg_1841	2043	2	14673
sctg_1844	2038	1	14675
sctg_1845	2038	2	14676
sctg_1846	2038	2	14678
sctg_1847	2037	2	14680
sctg_1849	2037	2	14682
sctg_185	344804	90	14684
sctg_1852	1998	2	14774
sctg_1853	2035	2	14776
sctg_1855	2032	1	14778
sctg_1857	2023	2	14779
sctg_1859	1983	3	14781
sctg_186	353682	92	14784
sctg_1862	2027	2	14876
sctg_1863	2027	1	14878
sctg_1865	2026	1	14879
sctg_1866	2026	2	14880
sctg_1868	1977	1	14882
sctg_1869	2023	2	14883
sctg_187	344499	91	14885
sctg_1870	2023	1	14976
sctg_1872	2021	2	14977
sctg_1873	2021	2	14979
sctg_1875	2019	2	14981
sctg_1877	1989	2	14983
sctg_1878	2015	2	14985
sctg_188	350457	93	14987
sctg_1880	2015	2	15080
sctg_1882	2012	1	15082
sctg_1883	2012	1	15083
sctg_1884	2012	2	15084
sctg_1887	2006	2	15086
sctg_1888	2009	2	15088
sctg_1889	2008	2	15090
sctg_189	344306	85	15092
sctg_1892	1990	2	15177
sctg_1893	2006	2	15179
sctg_1894	2006	2	15181
sctg_1895	2006	2	15183
sctg_1896	2004	2	15185
sctg_1897	2004	2	15187
sctg_1898	2004	1	15189
sctg_1899	2002	2	15190
sctg_19	1100642	304	15192
sctg_190	339332	85	15496
sctg_191	333838	83	15581
sctg_192	347550	85	15664
sctg_193	329506	88	15749
sctg_194	318036	86	15837
sctg_195	318013	90	15923
sctg_196	324936	83	16013
sctg_197	321740	81	16096
sctg_198	317353	80	16177
sctg_199	313144	84	16257
sctg_2	1894020	514	16341
sctg_20	1086620	286	16855
sctg_200	306974	83	17141
sctg_201	315962	75	17224
sctg_202	313492	78	17299
sctg_203	309679	79	17377
sctg_204	311697	70	17456
sctg_205	299241	82	17526
sctg_206	296281	70	17608
sctg_207	293188	85	17678
sctg_208	290706	85	17763
sctg_209	288938	73	17848
sctg_21	1084609	280	17921
sctg_210	295138	73	18201
sctg_211	289290	71	18274
sctg_212	284288	72	18345
sctg_213	286842	82	18417
sctg_214	283720	77	18499
sctg_215	283174	79	18576
sctg_216	287285	78	18655
sctg_217	279888	72	18733
sctg_218	281218	76	18805
sctg_219	275317	78	18881
sctg_22	1043404	273	18959
sctg_220	296629	72	19232
sctg_221	271698	71	19304
sctg_222	274379	76	19375
sctg_223	271498	83	19451
sctg_224	271925	71	19534
sctg_225	266164	63	19605
sctg_226	270970	71	19668
sctg_227	267340	67	19739
sctg_228	263496	66	19806
sctg_229	278809	64	19872
sctg_23	1033721	267	19936
sctg_230	260002	67	20203
sctg_231	265202	69	20270
sctg_232	269053	66	20339
sctg_233	253850	68	20405
sctg_234	260094	62	20473
sctg_235	257773	65	20535
sctg_236	257852	68	20600
sctg_237	253843	73	20668
sctg_238	254736	66	20741
sctg_239	251360	69	20807
sctg_24	1030715	270	20876
sctg_240	250983	65	21146
sctg_241	246932	67	21211
sctg_242	264910	67	21278
sctg_243	254885	65	21345
sctg_244	255063	61	21410
sctg_245	246901	61	21471
sctg_246	243722	70	21532
sctg_247	244737	57	21602
sctg_248	245048	63	21659
sctg_249	238189	62	21722
sctg_25	1018262	271	21784
sctg_250	252255	68	22055
sctg_251	237700	55	22123
sctg_252	239230	62	22178
sctg_253	238820	60	22240
sctg_254	246086	58	22300
sctg_255	236583	62	22358
sctg_256	237353	63	22420
sctg_257	236592	62	22483
sctg_258	233412	61	22545
sctg_259	230794	70	22606
sctg_26	1015445	259	22676
sctg_260	226858	59	22935
sctg_261	227613	64	22994
sctg_262	228969	62	23058
sctg_263	229230	64	23120
sctg_264	224290	60	23184
sctg_265	230204	56	23244
sctg_266	223137	56	23300
sctg_267	220567	50	23356
sctg_268	226056	57	23406
sctg_269	219649	58	23463
sctg_27	983517	270	23521
sctg_270	221125	61	23791
sctg_271	220629	61	23852
sctg_272	221799	59	23913
sctg_273	215636	56	23972
sctg_274	219812	57	24028
sctg_275	213446	57	24085
sctg_276	216022	56	24142
sctg_277	211243	54	24198
sctg_278	213452	62	24252
sctg_279	209511	57	24314
sctg_28	957396	259	24371
sctg_280	222349	52	24630
sctg_281	214151	60	24682
sctg_282	209721	53	24742
sctg_283	212758	54	24795
sctg_284	191240	52	24849
sctg_285	207741	49	24901
sctg_286	205588	54	24950
sctg_287	206680	58	25004
sctg_288	202158	50	25062
sctg_289	206437	59	25112
sctg_29	944381	263	25171
sctg_290	203236	49	25434
sctg_291	198910	55	25483
sctg_292	197458	53	25538
sctg_293	214083	49	25591
sctg_294	202284	54	25640
sctg_295	196872	51	25694
sctg_296	201648	57	25745
sctg_297	202386	53	25802
sctg_298	200421	55	25855
sctg_299	197968	54	25910
sctg_3	1695640	451	25964
sctg_30	954774	244	26415
sctg_300	204599	47	26659
sctg_301	199622	50	26706
sctg_302	197211	59	26756
sctg_303	202570	50	26815
sctg_304	201323	50	26865
sctg_305	195227	52	26915
sctg_306	194053	48	26967
sctg_307	191954	49	27015
sctg_308	193319	50	27064
sctg_309	191145	46	27114
sctg_31	955132	245	27160
sctg_310	192807	52	27405
sctg_311	196843	49	27457
sctg_312	193179	54	27506
sctg_313	193636	44	27560
sctg_314	196677	54	27604
sctg_315	193907	50	27658
sctg_316	189194	51	27708
sctg_317	186260	49	27759
sctg_318	185416	52	27808
sctg_319	189723	50	27860
sctg_32	952789	248	27910
sctg_320	191996	48	28158
sctg_321	201193	44	28206
sctg_322	183041	51	28250
sctg_323	187855	50	28301
sctg_324	186812	55	28351
sctg_325	185270	52	28406
sctg_326	182276	52	28458
sctg_327	190945	51	28510
sctg_328	182243	50	28561
sctg_329	180184	40	28611
sctg_33	929110	234	28651
sctg_330	182173	42	28885
sctg_331	185965	45	28927
sctg_332	179690	47	28972
sctg_333	177276	47	29019
sctg_334	176980	49	29066
sctg_335	173615	44	29115
sctg_336	182521	48	29159
sctg_337	173380	46	29207
sctg_338	186656	44	29253
sctg_339	174390	44	29297
sctg_34	907134	248	29341
sctg_340	180186	44	29589
sctg_341	174808	46	29633
sctg_342	187010	43	29679
sctg_343	174410	48	29722
sctg_344	168673	46	29770
sctg_345	186330	45	29816
sctg_346	177238	44	29861
sctg_347	166548	48	29905
sctg_348	173412	47	29953
sctg_349	191559	43	30000
sctg_35	899547	251	30043
sctg_350	171387	46	30294
sctg_351	179708	40	30340
sctg_352	161801	41	30380
sctg_353	176139	44	30421
sctg_354	177908	45	30465
sctg_355	167448	44	30510
sctg_356	171946	43	30554
sctg_357	166872	42	30597
sctg_358	162236	45	30639
sctg_359	162983	47	30684
sctg_36	912087	229	30731
sctg_360	159802	42	30960
sctg_361	161346	44	31002
sctg_362	160844	43	31046
sctg_363	159186	44	31089
sctg_364	168671	36	31133
sctg_365	161410	45	31169
sctg_366	159075	43	31214
sctg_367	159297	39	31257
sctg_368	155157	37	31296
sctg_369	153782	51	31333
sctg_37	908089	230	31384
sctg_370	156160	39	31614
sctg_371	156054	39	31653
sctg_372	157547	39	31692
sctg_373	150307	40	31731
sctg_374	153132	39	31771
sctg_375	153327	39	31810
sctg_376	155251	36	31849
sctg_377	145458	39	31885
sctg_378	150402	37	31924
sctg_379	144905	41	31961
sctg_38	904685	238	32002
sctg_380	143268	34	32240
sctg_381	144213	35	32274
sctg_382	140729	38	32309
sctg_383	145517	40	32347
sctg_384	141870	39	32387
sctg_385	143105	36	32426
sctg_386	144486	36	32462
sctg_387	140791	37	32498
sctg_388	142620	34	32535
sctg_389	141986	34	32569
sctg_39	891579	235	32603
sctg_390	141245	37	32838
sctg_391	136178	37	32875
sctg_392	135993	32	32912
sctg_393	126236	32	32944
sctg_394	131013	37	32976
sctg_395	137042	33	33013
sctg_396	129118	35	33046
sctg_398	133856	36	33081
sctg_399	130132	35	33117
sctg_4	1667773	442	33152
sctg_40	880874	241	33594
sctg_400	126492	36	33835
sctg_401	128133	34	33871
sctg_402	130599	32	33905
sctg_403	123845	30	33937
sctg_404	121052	32	33967
sctg_405	127190	34	33999
sctg_406	123651	34	34033
sctg_407	120306	33	34067
sctg_408	121197	30	34100
sctg_409	124964	29	34130
sctg_41	892610	232	34159
sctg_410	122199	29	34391
sctg_411	118254	31	34420
sctg_412	115110	32	34451
sctg_413	117111	32	34483
sctg_414	116523	33	34515
sctg_415	109603	29	34548
sctg_416	115059	31	34577
sctg_417	111451	30	34608
sctg_418	120216	29	34638
sctg_419	111904	29	34667
sctg_42	866109	228	34696
sctg_420	110665	29	34924
sctg_421	109109	27	34953
sctg_422	115125	28	34980
sctg_423	103715	28	35008
sctg_424	105883	30	35036
sctg_425	109994	28	35066
sctg_426	104510	28	35094
sctg_427	114725	25	35122
sctg_428	100991	27	35147
sctg_429	101912	28	35174
sctg_43	857596	218	35202
sctg_430	101059	26	35420
sctg_431	97116	32	35446
sctg_432	101588	26	35478
sctg_433	104593	27	35504
sctg_434	98862	26	35531
sctg_435	103980	27	35557
sctg_436	99304	27	35584
sctg_437	101602	26	35611
sctg_438	99637	25	35637
sctg_439	98750	25	35662
sctg_44	843311	209	35687
sctg_440	99883	25	35896
sctg_441	103104	22	35921
sctg_442	96744	25	35943
sctg_443	102816	24	35968
sctg_444	97518	24	35992
sctg_445	94858	28	36016
sctg_446	97693	26	36044
sctg_447	93235	25	36070
sctg_448	93912	26	36095
sctg_449	93975	23	36121
sctg_45	817014	215	36144
sctg_450	92860	27	36359
sctg_451	90810	25	36386
sctg_452	89890	25	36411
sctg_453	91069	26	36436
sctg_454	90554	26	36462
sctg_455	94836	24	36488
sctg_456	90181	24	36512
sctg_457	86411	22	36536
sctg_458	89443	26	36558
sctg_459	89364	26	36584
sctg_46	824927	213	36610
sctg_460	88216	21	36823
sctg_461	90824	20	36844
sctg_462	87688	24	36864
sctg_463	98479	29	36888
sctg_464	88158	23	36917
sctg_465	94040	25	36940
sctg_466	85583	19	36965
sctg_467	88073	21	36984
sctg_468	79423	25	37005
sctg_469	83892	20	37030
sctg_47	806785	203	37050
sctg_470	85960	22	37253
sctg_471	82910	19	37275
sctg_472	80207	26	37294
sctg_473	84021	24	37320
sctg_474	84980	23	37344
sctg_475	82771	22	37367
sctg_476	81377	21	37389
sctg_477	80965	23	37410
sctg_478	79439	23	37433
sctg_479	81343	23	37456
sctg_48	809313	202	37479
sctg_480	86757	24	37681
sctg_481	80082	24	37705
sctg_482	86188	20	37729
sctg_483	78756	22	37749
sctg_484	78648	21	37771
sctg_485	77645	21	37792
sctg_486	77004	21	37813
sctg_487	75216	21	37834
sctg_488	77912	15	37855
sctg_489	74531	20	37870
sctg_49	789073	208	37890
sctg_490	74018	22	38098
sctg_491	77015	23	38120
sctg_492	76577	19	38143
sctg_493	83472	19	38162
sctg_494	74445	20	38181
sctg_495	72752	21	38201
sctg_496	70336	21	38222
sctg_497	72037	20	38243
sctg_498	70507	20	38263
sctg_499	73115	24	38283
sctg_5	1591957	422	38307
sctg_50	778596	210	38729
sctg_500	77483	18	38939
sctg_501	71789	20	38957
sctg_502	73157	17	38977
sctg_503	71222	19	38994
sctg_504	70818	17	39013
sctg_505	69173	20	39030
sctg_506	73502	16	39050
sctg_507	69994	17	39066
sctg_508	65472	17	39083
sctg_509	66621	17	39100
sctg_51	782261	199	39117
sctg_510	66590	17	39316
sctg_511	67055	21	39333
sctg_512	67356	19	39354
sctg_513	64149	20	39373
sctg_514	64508	16	39393
sctg_515	63354	17	39409
sctg_516	63439	18	39426
sctg_517	63895	16	39444
sctg_518	65298	16	39460
sctg_519	61490	14	39476
sctg_52	776744	228	39490
sctg_520	64793	15	39718
sctg_521	63899	17	39733
sctg_522	61700	14	39750
sctg_523	59818	16	39764
sctg_524	60452	12	39780
sctg_525	57526	17	39792
sctg_526	57296	18	39809
sctg_527	59073	15	39827
sctg_528	56950	16	39842
sctg_529	58917	15	39858
sctg_53	783420	210	39873
sctg_530	57181	16	40083
sctg_531	55520	12	40099
sctg_532	55297	16	40111
sctg_533	59501	14	40127
sctg_534	71502	15	40141
sctg_535	54074	12	40156
sctg_536	55883	16	40168
sctg_537	54110	16	40184
sctg_538	51375	12	40200
sctg_539	50649	14	40212
sctg_54	777257	201	40226
sctg_540	67011	16	40427
sctg_541	55175	14	40443
sctg_542	53309	15	40457
sctg_543	47824	17	40472
sctg_544	56549	15	40489
sctg_545	54160	17	40504
sctg_546	50860	16	40521
sctg_547	49362	13	40537
sctg_548	49446	12	40550
sctg_549	50165	15	40562
sctg_55	759589	213	40577
sctg_550	48804	13	40790
sctg_551	50726	14	40803
sctg_552	51451	16	40817
sctg_553	50645	13	40833
sctg_554	49437	17	40846
sctg_555	44279	13	40863
sctg_556	51267	15	40876
sctg_557	49511	14	40891
sctg_558	48212	14	40905
sctg_559	47338	14	40919
sctg_56	771551	206	40933
sctg_560	49199	14	41139
sctg_561	50585	13	41153
sctg_562	46658	11	41166
sctg_563	49373	13	41177
sctg_564	45876	12	41190
sctg_565	44715	14	41202
sctg_566	55074	11	41216
sctg_567	47575	15	41227
sctg_568	47111	12	41242
sctg_569	43431	10	41254
sctg_57	761978	201	41264
sctg_570	44006	11	41465
sctg_571	42377	11	41476
sctg_572	43288	15	41487
sctg_573	39726	9	41502
sctg_574	42826	11	41511
sctg_575	42123	11	41522
sctg_576	42630	12	41533
sctg_577	42443	11	41545
sctg_578	36100	10	41556
sctg_579	37291	8	41566
sctg_58	751488	215	41574
sctg_580	41406	12	41789
sctg_581	45049	12	41801
sctg_582	41392	12	41813
sctg_583	42006	10	41825
sctg_584	40523	12	41835
sctg_585	47840	10	41847
sctg_586	44174	11	41857
sctg_587	40745	9	41868
sctg_588	44922	10	41877
sctg_589	42871	11	41887
sctg_59	752795	198	41898
sctg_590	41963	12	42096
sctg_591	39502	11	42108
sctg_592	38235	12	42119
sctg_593	39992	9	42131
sctg_594	38435	13	42140
sctg_595	40049	10	42153
sctg_596	41098	10	42163
sctg_597	39462	9	42173
sctg_598	37862	11	42182
sctg_599	36540	12	42193
sctg_6	1394342	382	42205
sctg_60	758589	188	42587
sctg_600	40917	11	42775
sctg_601	34915	7	42786
sctg_602	36896	12	42793
sctg_603	36133	13	42805
sctg_604	37892	10	42818
sctg_605	38255	9	42828
sctg_606	35242	10	42837
sctg_607	44825	10	42847
sctg_608	34121	13	42857
sctg_609	33107	11	42870
sctg_61	756132	203	42881
sctg_610	33916	11	43084
sctg_611	36610	10	43095
sctg_612	47957	10	43105
sctg_613	36036	7	43115
sctg_614	34673	9	43122
sctg_615	33206	9	43131
sctg_616	33828	10	43140
sctg_617	41492	11	43150
sctg_618	33961	8	43161
sctg_619	33205	7	43169
sctg_62	751372	197	43176
sctg_620	36709	9	43373
sctg_621	36150	10	43382
sctg_622	32627	7	43392
sctg_623	37677	10	43399
sctg_624	32413	10	43409
sctg_625	33413	7	43419
sctg_626	34235	7	43426
sctg_627	31036	8	43433
sctg_628	29563	7	43441
sctg_629	31021	7	43448
sctg_63	728232	207	43455
sctg_630	26866	7	43662
sctg_631	32521	9	43669
sctg_632	34329	10	43678
sctg_633	29696	10	43688
sctg_634	35317	10	43698
sctg_635	31429	10	43708
sctg_636	29798	9	43718
sctg_637	29269	9	43727
sctg_638	29080	9	43736
sctg_639	27741	7	43745
sctg_64	732705	188	43752
sctg_640	33507	9	43940
sctg_641	28511	7	43949
sctg_642	27994	8	43956
sctg_643	31120	6	43964
sctg_644	30031	6	43970
sctg_645	27819	8	43976
sctg_646	32479	8	43984
sctg_647	28900	8	43992
sctg_648	29262	7	44000
sctg_649	26208	7	44007
sctg_65	739199	186	44014
sctg_650	34665	8	44200
sctg_651	27727	7	44208
sctg_652	25953	8	44215
sctg_653	27618	7	44223
sctg_654	25538	7	44230
sctg_655	29849	5	44237
sctg_656	29080	7	44242
sctg_657	25193	8	44249
sctg_658	25909	7	44257
sctg_659	24973	6	44264
sctg_66	709477	186	44270
sctg_660	24735	6	44456
sctg_661	26115	7	44462
sctg_662	24822	7	44469
sctg_663	24417	7	44476
sctg_665	24349	8	44483
sctg_666	24168	7	44491
sctg_668	22834	6	44498
sctg_669	25307	5	44504
sctg_67	698854	186	44509
sctg_670	24510	8	44695
sctg_671	24194	6	44703
sctg_672	23419	7	44709
sctg_673	22298	6	44716
sctg_674	23827	8	44722
sctg_675	24923	7	44730
sctg_676	23159	7	44737
sctg_677	23496	7	44744
sctg_678	24946	7	44751
sctg_679	22395	8	44758
sctg_68	683462	178	44766
sctg_680	28656	7	44944
sctg_681	23470	6	44951
sctg_682	25136	5	44957
sctg_683	22472	7	44962
sctg_684	22454	7	44969
sctg_685	30220	6	44976
sctg_686	22782	7	44982
sctg_687	21944	6	44989
sctg_688	22440	7	44995
sctg_689	21498	5	45002
sctg_69	690400	182	45007
sctg_690	21458	6	45189
sctg_691	21531	6	45195
sctg_692	21097	7	45201
sctg_693	21589	6	45208
sctg_694	28569	6	45214
sctg_696	20914	7	45220
sctg_697	19391	8	45227
sctg_698	20372	5	45235
sctg_699	20378	6	45240
sctg_7	1392435	366	45246
sctg_70	691862	175	45612
sctg_700	20646	5	45787
sctg_701	21084	6	45792
sctg_702	20015	6	45798
sctg_703	20702	5	45804
sctg_704	20979	5	45809
sctg_705	19948	5	45814
sctg_706	16827	3	45819
sctg_707	20622	5	45822
sctg_708	20988	7	45827
sctg_709	19182	6	45834
sctg_71	674171	172	45840
sctg_710	23473	6	46012
sctg_711	20708	5	46018
sctg_712	17996	6	46023
sctg_713	18912	6	46029
sctg_714	19434	6	46035
sctg_715	21970	5	46041
sctg_716	18486	5	46046
sctg_717	26922	6	46051
sctg_718	22991	6	46057
sctg_719	18081	5	46063
sctg_72	692038	168	46068
sctg_720	19832	6	46236
sctg_721	17968	6	46242
sctg_722	17946	4	46248
sctg_723	24417	7	46252
sctg_724	17862	6	46259
sctg_725	17874	5	46265
sctg_726	22931	7	46270
sctg_727	24197	6	46277
sctg_728	15535	7	46283
sctg_729	17795	4	46290
sctg_73	658169	189	46294
sctg_731	17172	5	46483
sctg_732	17025	4	46488
sctg_733	17008	5	46492
sctg_734	20819	5	46497
sctg_735	16729	6	46502
sctg_736	17393	4	46508
sctg_737	16493	4	46512
sctg_738	16558	4	46516
sctg_739	16312	6	46520
sctg_74	658846	172	46526
sctg_740	16411	4	46698
sctg_741	16264	4	46702
sctg_742	16208	5	46706
sctg_743	15244	4	46711
sctg_744	16098	4	46715
sctg_745	16778	5	46719
sctg_746	17776	5	46724
sctg_747	15166	4	46729
sctg_748	16644	6	46733
sctg_749	15657	3	46739
sctg_75	656041	173	46742
sctg_750	15596	4	46915
sctg_751	15430	5	46919
sctg_752	17124	5	46924
sctg_753	15301	5	46929
sctg_754	17496	5	46934
sctg_755	21490	3	46939
sctg_756	15532	4	46942
sctg_757	14994	5	46946
sctg_758	14831	5	46951
sctg_759	26740	5	46956
sctg_76	665784	171	46961
sctg_760	22148	4	47132
sctg_761	14517	5	47136
sctg_762	15629	4	47141
sctg_763	14362	4	47145
sctg_764	24314	4	47149
sctg_765	14857	4	47153
sctg_766	14312	5	47157
sctg_767	15630	5	47162
sctg_768	19801	3	47167
sctg_769	14128	4	47170
sctg_77	652918	172	47174
sctg_770	14784	3	47346
sctg_771	15120	4	47349
sctg_772	14011	5	47353
sctg_773	13991	4	47358
sctg_774	21203	4	47362
sctg_775	15067	5	47366
sctg_776	15091	5	47371
sctg_777	15241	4	47376
sctg_778	13507	4	47380
sctg_779	13519	5	47384
sctg_78	631341	169	47389
sctg_780	13452	5	47558
sctg_781	13420	4	47563
sctg_782	13291	4	47567
sctg_783	13178	5	47571
sctg_784	13139	4	47576
sctg_785	13010	4	47580
sctg_786	14979	3	47584
sctg_787	14469	4	47587
sctg_788	12931	4	47591
sctg_789	12675	4	47595
sctg_79	621788	164	47599
sctg_790	17048	3	47763
sctg_791	12410	3	47766
sctg_792	12581	4	47769
sctg_794	12451	3	47773
sctg_795	12324	5	47776
sctg_796	12207	3	47781
sctg_797	12205	4	47784
sctg_798	12171	3	47788
sctg_799	12048	3	47791
sctg_8	1290822	354	47794
sctg_80	620644	156	48148
sctg_800	12729	3	48304
sctg_801	12003	4	48307
sctg_802	11767	3	48311
sctg_803	11724	4	48314
sctg_804	11820	4	48318
sctg_805	17970	5	48322
sctg_806	12602	4	48327
sctg_807	11535	5	48331
sctg_808	11352	4	48336
sctg_809	11279	5	48340
sctg_81	626741	154	48345
sctg_812	11142	4	48499
sctg_813	11516	3	48503
sctg_814	10470	3	48506
sctg_815	12823	2	48509
sctg_816	11053	3	48511
sctg_817	11622	3	48514
sctg_818	10904	3	48517
sctg_819	10795	3	48520
sctg_82	604434	165	48523
sctg_820	10757	3	48688
sctg_821	18537	4	48691
sctg_823	11307	2	48695
sctg_825	10694	3	48697
sctg_826	14728	2	48700
sctg_828	14071	3	48702
sctg_829	16835	4	48705
sctg_83	599927	171	48709
sctg_830	12259	4	48880
sctg_831	12198	3	48884
sctg_832	10345	3	48887
sctg_833	14785	3	48890
sctg_834	10078	5	48893
sctg_835	10033	3	48898
sctg_836	10020	3	48901
sctg_837	9944	4	48904
sctg_838	9880	2	48908
sctg_839	11064	3	48910
sctg_84	599728	159	48913
sctg_840	10083	3	49072
sctg_841	9786	4	49075
sctg_842	9786	3	49079
sctg_843	9914	2	49082
sctg_844	10323	4	49084
sctg_845	9610	3	49088
sctg_846	9531	4	49091
sctg_847	14396	4	49095
sctg_848	11953	2	49099
sctg_849	9333	4	49101
sctg_85	597816	169	49105
sctg_850	9322	3	49274
sctg_851	11127	3	49277
sctg_852	9269	3	49280
sctg_854	11117	2	49283
sctg_855	9247	3	49285
sctg_856	9267	4	49288
sctg_857	9249	3	49292
sctg_858	9240	3	49295
sctg_859	9240	4	49298
sctg_86	590616	153	49302
sctg_860	9233	3	49455
sctg_861	9215	3	49458
sctg_862	9213	3	49461
sctg_863	9207	4	49464
sctg_864	9204	3	49468
sctg_865	9203	3	49471
sctg_866	9201	3	49474
sctg_867	9199	3	49477
sctg_868	9194	3	49480
sctg_869	9192	3	49483
sctg_87	577442	157	49486
sctg_871	9179	2	49643
sctg_872	9168	3	49645
sctg_873	9168	3	49648
sctg_874	9120	3	49651
sctg_875	9161	3	49654
sctg_876	9161	3	49657
sctg_877	9156	3	49660
sctg_878	9155	3	49663
sctg_879	9155	3	49666
sctg_88	574566	152	49669
sctg_880	9152	4	49821
sctg_881	9152	3	49825
sctg_882	9151	2	49828
sctg_883	9148	3	49830
sctg_884	9143	3	49833
sctg_885	9129	3	49836
sctg_887	9125	3	49839
sctg_888	9125	3	49842
sctg_889	9122	4	49845
sctg_89	572144	158	49849
sctg_890	9121	4	50007
sctg_891	9116	4	50011
sctg_892	9116	3	50015
sctg_894	9091	3	50018
sctg_895	9054	2	50021
sctg_896	9083	3	50023
sctg_897	9067	3	50026
sctg_898	9063	4	50029
sctg_899	9061	3	50033
sctg_9	1293259	365	50036
sctg_90	565590	155	50401
sctg_900	9054	3	50556
sctg_901	9038	3	50559
sctg_902	7149	3	50562
sctg_903	8999	3	50565
sctg_904	8998	3	50568
sctg_905	8976	3	50571
sctg_906	8991	3	50574
sctg_907	8758	2	50577
sctg_908	8947	4	50579
sctg_909	8918	3	50583
sctg_91	564384	162	50586
sctg_910	8910	3	50748
sctg_911	8907	3	50751
sctg_912	12722	2	50754
sctg_913	9832	3	50756
sctg_914	8833	4	50759
sctg_915	8872	3	50763
sctg_916	8853	3	50766
sctg_917	12255	4	50769
sctg_918	8825	3	50773
sctg_919	10260	3	50776
sctg_92	558846	146	50779
sctg_920	9980	2	50925
sctg_921	11147	3	50927
sctg_922	8730	3	50930
sctg_923	8820	3	50933
sctg_924	8699	3	50936
sctg_925	8686	3	50939
sctg_926	8608	3	50942
sctg_927	8680	3	50945
sctg_928	14557	2	50948
sctg_929	8524	2	50950
sctg_93	551564	147	50952
sctg_930	8537	3	51099
sctg_931	8506	3	51102
sctg_932	8503	3	51105
sctg_933	9265	7	51108
sctg_934	8431	3	51115
sctg_935	8412	3	51118
sctg_936	8378	3	51121
sctg_938	8268	3	51124
sctg_939	8267	3	51127
sctg_94	544140	153	51130
sctg_940	8261	2	51283
sctg_941	8217	1	51285
sctg_942	8971	3	51286
sctg_943	8208	3	51289
sctg_944	8207	2	51292
sctg_945	8132	2	51294
sctg_946	8117	3	51296
sctg_947	9031	3	51299
sctg_949	7948	2	51302
sctg_95	539924	144	51304
sctg_950	7911	2	51448
sctg_951	7904	2	51450
sctg_952	9351	3	51452
sctg_953	10458	2	51455
sctg_954	14002	3	51457
sctg_955	7813	3	51460
sctg_956	11439	2	51463
sctg_958	14508	2	51465
sctg_959	15061	3	51467
sctg_96	553561	145	51470
sctg_960	8402	3	51615
sctg_961	7645	2	51618
sctg_962	7644	2	51620
sctg_963	7643	2	51622
sctg_964	9185	2	51624
sctg_965	7558	2	51626
sctg_966	8364	2	51628
sctg_967	7523	3	51630
sctg_968	7492	2	51633
sctg_969	7488	3	51635
sctg_97	551975	143	51638
sctg_970	7480	3	51781
sctg_971	7069	2	51784
sctg_972	7550	2	51786
sctg_973	7526	2	51788
sctg_975	7488	2	51790
sctg_976	7380	2	51792
sctg_977	7654	3	51794
sctg_978	11326	3	51797
sctg_979	7315	3	51800
sctg_98	527895	130	51803
sctg_980	7282	3	51933
sctg_981	7501	6	51936
sctg_982	12360	2	51942
sctg_983	7254	2	51944
sctg_984	13464	2	51946
sctg_985	8100	2	51948
sctg_986	7184	3	51950
sctg_987	9975	3	51953
sctg_988	7227	2	51956
sctg_99	541954	144	51958
sctg_990	7105	2	52102
sctg_991	7070	3	52104
sctg_993	13104	2	52107
sctg_994	6914	2	52109
sctg_995	6895	3	52111
sctg_996	10734	2	52114
sctg_997	6840	2	52116
sctg_998	6818	2	52118
sctg_999	6999	3	52120
sctg_667	27246	6	52123
