contig	length_kb	n_frags	cumul_length
sctg_0	3745584	329	0
sctg_10	1271836	119	329
sctg_100	546921	51	448
sctg_1000	6814	1	499
sctg_1001	6781	2	500
sctg_1002	6756	2	502
sctg_1003	6685	2	504
sctg_1004	6716	2	506
sctg_1006	6569	1	508
sctg_1007	6549	2	509
sctg_1008	6555	1	511
sctg_1009	6537	2	512
sctg_101	536733	47	514
sctg_1010	6597	2	561
sctg_1011	6515	2	563
sctg_1012	7278	1	565
sctg_1013	6499	1	566
sctg_1014	12980	1	567
sctg_1015	6416	2	568
sctg_1016	6410	1	570
sctg_1017	6407	2	571
sctg_1018	6380	2	573
sctg_1019	6846	2	575
sctg_102	520191	47	577
sctg_1020	6345	1	624
sctg_1021	6315	2	625
sctg_1022	6313	1	627
sctg_1023	6307	2	628
sctg_1024	6307	2	630
sctg_1026	13677	2	632
sctg_1027	8812	1	634
sctg_1028	14884	1	635
sctg_1029	6278	1	636
sctg_103	523379	45	637
sctg_1030	6264	2	682
sctg_1031	6254	2	684
sctg_1032	6248	2	686
sctg_1033	6243	1	688
sctg_1034	6234	1	689
sctg_1035	15062	1	690
sctg_1036	8633	1	691
sctg_1037	6207	2	692
sctg_1038	6258	2	694
sctg_1039	6183	1	696
sctg_104	522721	44	697
sctg_1040	5073	2	741
sctg_1041	6242	2	743
sctg_1042	6125	2	745
sctg_1043	6221	2	747
sctg_1044	6079	2	749
sctg_1045	6040	2	751
sctg_1046	6030	1	753
sctg_1047	6240	2	754
sctg_1048	6016	1	756
sctg_1049	6015	2	757
sctg_105	521263	43	759
sctg_1051	5972	2	802
sctg_1052	5968	1	804
sctg_1053	13894	1	805
sctg_1054	5951	2	806
sctg_1055	6522	2	808
sctg_1056	5934	1	810
sctg_1058	5928	2	811
sctg_1059	5925	1	813
sctg_106	515965	47	814
sctg_1060	5909	2	861
sctg_1061	5894	2	863
sctg_1062	5885	2	865
sctg_1063	5884	1	867
sctg_1064	5876	1	868
sctg_1065	5859	1	869
sctg_1066	6827	1	870
sctg_1067	5833	2	871
sctg_1068	4000	2	873
sctg_1069	5761	1	875
sctg_107	521539	45	876
sctg_1070	5768	2	921
sctg_1071	5764	2	923
sctg_1072	5754	1	925
sctg_1073	5752	1	926
sctg_1074	5799	2	927
sctg_1075	7698	2	929
sctg_1076	5691	2	931
sctg_1077	5613	1	933
sctg_1078	5633	2	934
sctg_1079	5697	1	936
sctg_108	521777	46	937
sctg_1080	6036	2	983
sctg_1081	5574	2	985
sctg_1082	6817	2	987
sctg_1083	5660	2	989
sctg_1084	5551	2	991
sctg_1085	7155	1	993
sctg_1086	5498	2	994
sctg_1087	5492	1	996
sctg_1088	6276	2	997
sctg_1089	10690	2	999
sctg_109	511637	48	1001
sctg_1090	6191	2	1049
sctg_1091	5426	1	1051
sctg_1092	5641	2	1052
sctg_1093	5382	2	1054
sctg_1094	6283	1	1056
sctg_1095	8793	1	1057
sctg_1097	5357	2	1058
sctg_1098	5323	2	1060
sctg_1099	6148	2	1062
sctg_11	1201849	110	1064
sctg_110	518109	42	1174
sctg_1100	5400	2	1216
sctg_1101	5385	1	1218
sctg_1102	5281	2	1219
sctg_1103	5404	2	1221
sctg_1104	5225	2	1223
sctg_1105	5188	2	1225
sctg_1106	5185	1	1227
sctg_1107	5357	1	1228
sctg_1108	5453	2	1229
sctg_1109	5160	1	1231
sctg_111	507503	44	1232
sctg_1110	5157	2	1276
sctg_1111	6071	2	1278
sctg_1112	5116	2	1280
sctg_1113	9309	1	1282
sctg_1114	5082	2	1283
sctg_1115	6407	2	1285
sctg_1116	5232	1	1287
sctg_1117	5094	2	1288
sctg_1118	4977	2	1290
sctg_1119	13383	2	1292
sctg_112	523010	45	1294
sctg_1120	4942	2	1339
sctg_1122	6119	1	1341
sctg_1123	6258	1	1342
sctg_1124	4916	1	1343
sctg_1125	5477	1	1344
sctg_1126	4914	2	1345
sctg_1127	5881	1	1347
sctg_1128	3611	1	1348
sctg_1129	12920	1	1349
sctg_113	497380	44	1350
sctg_1130	4893	2	1394
sctg_1131	4847	2	1396
sctg_1132	6323	1	1398
sctg_1133	7053	1	1399
sctg_1135	6807	2	1400
sctg_1136	4812	2	1402
sctg_1137	6368	2	1404
sctg_1138	4762	2	1406
sctg_1139	4326	1	1408
sctg_114	502603	42	1409
sctg_1140	6597	1	1451
sctg_1141	6101	2	1452
sctg_1143	6148	2	1454
sctg_1144	4647	2	1456
sctg_1146	4627	1	1458
sctg_1147	4576	2	1459
sctg_1148	5345	2	1461
sctg_1149	4604	2	1463
sctg_115	504428	45	1465
sctg_1150	3644	2	1510
sctg_1151	4688	1	1512
sctg_1152	4578	1	1513
sctg_1154	4537	1	1514
sctg_1156	4501	2	1515
sctg_1157	4473	2	1517
sctg_1158	3763	2	1519
sctg_116	506676	42	1521
sctg_1160	4561	2	1563
sctg_1161	4460	2	1565
sctg_1162	4453	1	1567
sctg_1163	4450	2	1568
sctg_1166	4904	2	1570
sctg_1167	4510	2	1572
sctg_1168	4333	2	1574
sctg_117	508313	42	1576
sctg_1171	4460	2	1618
sctg_1172	4309	1	1620
sctg_1173	7246	2	1621
sctg_1175	3664	2	1623
sctg_1177	12690	2	1625
sctg_118	496777	42	1627
sctg_1180	4197	1	1669
sctg_1182	4322	2	1670
sctg_1183	4677	2	1672
sctg_1186	4041	2	1674
sctg_1187	4057	2	1676
sctg_1189	3515	1	1678
sctg_119	491596	46	1679
sctg_1190	4113	2	1725
sctg_1192	3977	2	1727
sctg_1193	3933	2	1729
sctg_1194	3915	1	1731
sctg_1195	3912	1	1732
sctg_1199	3903	1	1733
sctg_12	1207602	107	1734
sctg_120	483608	44	1841
sctg_1202	3794	1	1885
sctg_1203	3793	2	1886
sctg_1204	6539	1	1888
sctg_1205	3745	1	1889
sctg_1206	3720	2	1890
sctg_1208	3662	2	1892
sctg_121	515706	41	1894
sctg_1211	3621	2	1935
sctg_1212	3615	1	1937
sctg_1214	3603	1	1938
sctg_1215	3578	1	1939
sctg_122	487711	42	1940
sctg_1226	3460	1	1982
sctg_123	494152	43	1983
sctg_1230	4305	1	2026
sctg_1232	3412	2	2027
sctg_1233	3410	1	2029
sctg_1234	3398	1	2030
sctg_1237	3373	2	2031
sctg_124	476472	42	2033
sctg_1242	3339	1	2075
sctg_1243	5827	1	2076
sctg_1246	3295	1	2077
sctg_1247	6164	1	2078
sctg_1249	3272	2	2079
sctg_125	479714	45	2081
sctg_1250	3263	2	2126
sctg_1251	4029	2	2128
sctg_1252	3250	2	2130
sctg_1253	3243	1	2132
sctg_1254	3240	1	2133
sctg_1256	3228	2	2134
sctg_1257	3226	1	2136
sctg_126	483671	42	2137
sctg_1262	3198	1	2179
sctg_1263	3181	1	2180
sctg_1269	7171	2	2181
sctg_127	478815	44	2183
sctg_1270	3148	2	2227
sctg_1273	3117	2	2229
sctg_1274	3109	2	2231
sctg_1276	5519	1	2233
sctg_1277	3093	2	2234
sctg_1278	3087	1	2236
sctg_1279	3085	1	2237
sctg_128	478782	41	2238
sctg_1280	3084	2	2279
sctg_1283	3076	2	2281
sctg_1285	3067	1	2283
sctg_1286	3060	2	2284
sctg_1288	3047	1	2286
sctg_1289	3042	1	2287
sctg_129	473873	40	2288
sctg_1292	3023	2	2328
sctg_1295	3005	2	2330
sctg_1296	2976	2	2332
sctg_1297	3000	1	2334
sctg_1298	2974	2	2335
sctg_1299	2995	2	2337
sctg_13	1198315	107	2339
sctg_130	461857	43	2446
sctg_1303	2964	2	2489
sctg_1304	2958	1	2491
sctg_1305	2958	1	2492
sctg_1307	2954	1	2493
sctg_1308	2952	2	2494
sctg_1309	2950	2	2496
sctg_131	469652	38	2498
sctg_1310	2945	1	2536
sctg_1311	2939	1	2537
sctg_1318	2911	2	2538
sctg_132	456593	44	2540
sctg_1323	2882	2	2584
sctg_1326	2876	2	2586
sctg_133	463476	42	2588
sctg_1330	2861	1	2630
sctg_1332	2844	2	2631
sctg_1334	2845	2	2633
sctg_1335	6167	1	2635
sctg_1336	2835	2	2636
sctg_1337	2834	2	2638
sctg_1338	2821	2	2640
sctg_1339	2820	2	2642
sctg_134	451763	43	2644
sctg_1343	2743	2	2687
sctg_1345	2805	2	2689
sctg_1346	2800	2	2691
sctg_1347	2799	2	2693
sctg_1349	2788	1	2695
sctg_135	450597	41	2696
sctg_1351	2779	2	2737
sctg_1356	2768	1	2739
sctg_1359	2749	2	2740
sctg_136	452496	41	2742
sctg_1360	2747	1	2783
sctg_1361	2747	1	2784
sctg_1362	2719	2	2785
sctg_1363	2742	1	2787
sctg_1364	2738	2	2788
sctg_1366	2736	1	2790
sctg_1367	2733	2	2791
sctg_1368	2722	2	2793
sctg_137	453703	38	2795
sctg_1370	2712	1	2833
sctg_1372	2705	1	2834
sctg_1376	2690	1	2835
sctg_1379	2686	2	2836
sctg_138	439392	38	2838
sctg_1380	2684	2	2876
sctg_1383	2678	1	2878
sctg_1384	2677	1	2879
sctg_1387	2673	1	2880
sctg_1389	2667	2	2881
sctg_139	445129	38	2883
sctg_1390	2666	2	2921
sctg_1394	2654	1	2923
sctg_1395	2652	2	2924
sctg_1396	2650	2	2926
sctg_1397	2648	2	2928
sctg_1398	2644	1	2930
sctg_1399	2642	1	2931
sctg_14	1172230	108	2932
sctg_140	440654	44	3040
sctg_1401	2640	1	3084
sctg_1402	2639	1	3085
sctg_1404	2601	1	3086
sctg_1407	2589	1	3087
sctg_1409	2622	1	3088
sctg_141	435803	40	3089
sctg_1410	2621	1	3129
sctg_1414	2615	1	3130
sctg_1416	2613	2	3131
sctg_1417	2606	2	3133
sctg_1419	2589	1	3135
sctg_142	439664	37	3136
sctg_1420	2588	1	3173
sctg_1421	2587	2	3174
sctg_1422	2584	2	3176
sctg_1423	2536	1	3178
sctg_1424	2580	1	3179
sctg_1425	2512	2	3180
sctg_1428	2569	1	3182
sctg_143	432829	40	3183
sctg_1430	2566	2	3223
sctg_1436	2543	2	3225
sctg_1438	2487	2	3227
sctg_1439	2538	2	3229
sctg_144	431193	38	3231
sctg_1441	2540	1	3269
sctg_1443	2532	1	3270
sctg_1446	2530	2	3271
sctg_1447	2530	2	3273
sctg_1448	2529	2	3275
sctg_145	436202	36	3277
sctg_1450	2524	1	3313
sctg_1452	2521	2	3314
sctg_1455	2511	1	3316
sctg_1456	2511	2	3317
sctg_1459	2500	1	3319
sctg_146	434360	40	3320
sctg_1460	2498	2	3360
sctg_1461	2498	2	3362
sctg_1462	2497	2	3364
sctg_1463	2497	2	3366
sctg_1464	2493	1	3368
sctg_1467	2486	1	3369
sctg_1468	2486	2	3370
sctg_147	421466	37	3372
sctg_1472	2473	2	3409
sctg_1473	2473	2	3411
sctg_1474	2472	1	3413
sctg_1475	2464	1	3414
sctg_1476	2459	2	3415
sctg_1477	2462	1	3417
sctg_1478	2458	1	3418
sctg_148	424104	39	3419
sctg_1480	2416	2	3458
sctg_1482	2422	2	3460
sctg_1484	2409	1	3462
sctg_1485	2455	2	3463
sctg_1487	2451	1	3465
sctg_149	416312	38	3466
sctg_1490	2446	1	3504
sctg_1491	2443	2	3505
sctg_1492	2442	2	3507
sctg_1493	2440	1	3509
sctg_1494	2403	1	3510
sctg_1495	2436	2	3511
sctg_1496	2403	1	3513
sctg_1497	2403	1	3514
sctg_15	1139494	99	3515
sctg_150	422720	37	3614
sctg_1502	2427	1	3651
sctg_1505	2423	1	3652
sctg_1506	2421	1	3653
sctg_1509	2418	1	3654
sctg_151	413142	36	3655
sctg_1511	2413	1	3691
sctg_1515	2407	2	3692
sctg_1516	2406	2	3694
sctg_1517	2402	1	3696
sctg_1518	2401	2	3697
sctg_1519	2400	1	3699
sctg_152	420878	36	3700
sctg_1520	2399	2	3736
sctg_1522	2395	2	3738
sctg_1525	2386	1	3740
sctg_1529	2376	1	3741
sctg_153	404940	39	3742
sctg_1530	2376	2	3781
sctg_1532	2369	1	3783
sctg_1533	2368	1	3784
sctg_1535	2366	2	3785
sctg_1536	2366	1	3787
sctg_1537	2366	2	3788
sctg_1539	2358	1	3790
sctg_154	418983	37	3791
sctg_1541	2324	1	3828
sctg_1542	2354	1	3829
sctg_1543	2353	1	3830
sctg_1544	2350	2	3831
sctg_1545	2347	2	3833
sctg_1547	2346	1	3835
sctg_1548	2344	1	3836
sctg_1549	2344	2	3837
sctg_155	409479	38	3839
sctg_1552	2315	1	3877
sctg_1553	2336	2	3878
sctg_1554	2335	2	3880
sctg_1555	2333	2	3882
sctg_1558	2330	1	3884
sctg_1559	2328	1	3885
sctg_156	405149	39	3886
sctg_1560	2321	2	3925
sctg_1561	2328	1	3927
sctg_1563	2246	2	3928
sctg_1565	2325	2	3930
sctg_1566	2323	1	3932
sctg_1567	2321	2	3933
sctg_1568	2320	1	3935
sctg_1569	2318	2	3936
sctg_157	411445	37	3938
sctg_1570	2317	1	3975
sctg_1571	2313	2	3976
sctg_1572	2313	2	3978
sctg_1573	2311	1	3980
sctg_1576	2307	2	3981
sctg_1577	2302	1	3983
sctg_1578	2306	1	3984
sctg_1579	2305	1	3985
sctg_158	408399	36	3986
sctg_1581	2303	1	4022
sctg_1582	2301	1	4023
sctg_1586	2296	1	4024
sctg_1587	2294	1	4025
sctg_1588	2292	1	4026
sctg_1589	2289	1	4027
sctg_159	398523	36	4028
sctg_1590	2289	2	4064
sctg_1591	2287	1	4066
sctg_1592	2286	2	4067
sctg_1593	2286	1	4069
sctg_1594	2281	2	4070
sctg_1595	2273	2	4072
sctg_16	1133248	104	4074
sctg_160	394780	37	4178
sctg_1600	2274	1	4215
sctg_1604	2270	2	4216
sctg_1605	2267	2	4218
sctg_1606	2251	1	4220
sctg_1607	2260	1	4221
sctg_1609	2256	1	4222
sctg_161	400297	36	4223
sctg_1611	2255	2	4259
sctg_1612	2253	1	4261
sctg_1613	2252	1	4262
sctg_1615	2250	2	4263
sctg_1618	2244	2	4265
sctg_1619	2244	2	4267
sctg_162	401382	35	4269
sctg_1621	2241	2	4304
sctg_1622	2240	1	4306
sctg_1624	2239	2	4307
sctg_1626	2237	2	4309
sctg_1629	2232	1	4311
sctg_163	402252	35	4312
sctg_1630	2228	1	4347
sctg_1632	2226	2	4348
sctg_1633	2226	2	4350
sctg_1634	2226	2	4352
sctg_1635	2225	1	4354
sctg_1636	2175	2	4355
sctg_1638	2220	2	4357
sctg_164	400887	36	4359
sctg_1640	2219	2	4395
sctg_1642	2217	2	4397
sctg_1643	2217	1	4399
sctg_1644	2217	1	4400
sctg_1647	2214	2	4401
sctg_1648	2212	2	4403
sctg_1649	2211	1	4405
sctg_165	399073	36	4406
sctg_1650	2210	2	4442
sctg_1651	2209	1	4444
sctg_1653	2175	2	4445
sctg_1654	2207	1	4447
sctg_1655	2205	1	4448
sctg_1656	2204	2	4449
sctg_166	407896	31	4451
sctg_1661	2193	2	4482
sctg_1662	2191	2	4484
sctg_1663	2172	2	4486
sctg_1664	2191	2	4488
sctg_1665	2190	1	4490
sctg_1667	2189	2	4491
sctg_1669	2185	2	4493
sctg_167	412829	35	4495
sctg_1674	2178	2	4530
sctg_1675	2178	1	4532
sctg_1677	2175	2	4533
sctg_1678	2175	1	4535
sctg_1679	2175	2	4536
sctg_168	392037	37	4538
sctg_1680	2174	2	4575
sctg_1681	2173	1	4577
sctg_1682	2135	1	4578
sctg_1684	2163	2	4579
sctg_1685	2169	1	4581
sctg_1687	2164	1	4582
sctg_1689	2163	2	4583
sctg_169	393698	34	4585
sctg_1690	2162	2	4619
sctg_1695	2159	2	4621
sctg_1697	2154	1	4623
sctg_1698	2154	1	4624
sctg_17	1123385	101	4625
sctg_170	380651	33	4726
sctg_1700	2153	1	4759
sctg_1701	2153	2	4760
sctg_1702	2152	1	4762
sctg_1704	2149	1	4763
sctg_1705	2147	2	4764
sctg_1707	2146	1	4766
sctg_1708	2135	2	4767
sctg_1709	2145	2	4769
sctg_171	378343	34	4771
sctg_1710	2145	2	4805
sctg_1712	2144	1	4807
sctg_1715	2143	2	4808
sctg_1717	2141	2	4810
sctg_1718	2141	2	4812
sctg_172	376979	35	4814
sctg_1720	2140	1	4849
sctg_1724	2134	2	4850
sctg_1726	2132	2	4852
sctg_1727	2130	1	4854
sctg_1729	2128	2	4855
sctg_173	380134	36	4857
sctg_1731	2128	2	4893
sctg_1732	2117	2	4895
sctg_1733	2127	1	4897
sctg_1734	2127	1	4898
sctg_1735	2127	2	4899
sctg_1737	2125	2	4901
sctg_1738	2125	2	4903
sctg_174	375833	32	4905
sctg_1740	2120	1	4937
sctg_1741	2119	1	4938
sctg_1742	2119	2	4939
sctg_1743	2116	1	4941
sctg_1744	2115	2	4942
sctg_1745	2115	2	4944
sctg_1746	2115	1	4946
sctg_1747	2111	1	4947
sctg_1748	2114	1	4948
sctg_1749	2114	2	4949
sctg_175	373580	34	4951
sctg_1750	2114	2	4985
sctg_1751	2113	2	4987
sctg_1752	2112	2	4989
sctg_1753	2112	1	4991
sctg_1755	2109	2	4992
sctg_1756	2109	2	4994
sctg_176	377841	32	4996
sctg_1760	2107	2	5028
sctg_1762	2105	1	5030
sctg_1763	2105	1	5031
sctg_1764	2105	1	5032
sctg_1765	2104	1	5033
sctg_1766	2104	2	5034
sctg_1767	2103	2	5036
sctg_177	372647	34	5038
sctg_1773	2095	2	5072
sctg_1776	2092	2	5074
sctg_1777	2092	2	5076
sctg_1779	2086	1	5078
sctg_178	369726	34	5079
sctg_1782	2085	2	5113
sctg_1783	2082	1	5115
sctg_1784	2082	2	5116
sctg_1785	2081	2	5118
sctg_1786	2081	2	5120
sctg_1788	2078	2	5122
sctg_1789	2077	1	5124
sctg_179	375655	34	5125
sctg_1791	2077	1	5159
sctg_1792	2077	1	5160
sctg_1793	2077	2	5161
sctg_1794	2074	1	5163
sctg_1795	2073	2	5164
sctg_1798	2072	2	5166
sctg_1799	2070	1	5168
sctg_18	1118169	99	5169
sctg_180	376675	32	5268
sctg_1801	2069	2	5300
sctg_1802	1982	2	5302
sctg_1804	2068	2	5304
sctg_1805	2068	2	5306
sctg_1807	2065	1	5308
sctg_1808	2065	2	5309
sctg_181	374232	30	5311
sctg_1811	2061	1	5341
sctg_1813	2060	2	5342
sctg_1814	2013	2	5344
sctg_1815	2060	1	5346
sctg_1816	2060	2	5347
sctg_1817	2058	2	5349
sctg_1819	2056	2	5351
sctg_182	370035	33	5353
sctg_1822	2000	1	5386
sctg_1825	2050	2	5387
sctg_1828	2049	2	5389
sctg_1829	2043	2	5391
sctg_183	354741	32	5393
sctg_1830	2048	2	5425
sctg_1833	2047	2	5427
sctg_1834	2046	2	5429
sctg_1836	2046	2	5431
sctg_1838	2045	2	5433
sctg_1839	2045	2	5435
sctg_184	359996	30	5437
sctg_1840	2043	1	5467
sctg_1841	2043	2	5468
sctg_1844	2038	1	5470
sctg_1845	2038	2	5471
sctg_1846	2038	2	5473
sctg_1847	2037	2	5475
sctg_1849	2037	2	5477
sctg_185	344804	30	5479
sctg_1852	1998	2	5509
sctg_1853	2035	2	5511
sctg_1855	2032	1	5513
sctg_1857	2023	2	5514
sctg_1859	1983	1	5516
sctg_186	353682	31	5517
sctg_1862	2027	2	5548
sctg_1863	2027	1	5550
sctg_1865	2026	1	5551
sctg_1866	2026	2	5552
sctg_1868	1977	1	5554
sctg_1869	2023	2	5555
sctg_187	344499	31	5557
sctg_1870	2023	1	5588
sctg_1872	2021	2	5589
sctg_1873	2021	2	5591
sctg_1875	2019	2	5593
sctg_1877	1989	2	5595
sctg_1878	2015	2	5597
sctg_188	350457	31	5599
sctg_1880	2015	2	5630
sctg_1882	2012	1	5632
sctg_1883	2012	1	5633
sctg_1884	2012	2	5634
sctg_1887	2006	2	5636
sctg_1888	2009	2	5638
sctg_1889	2008	2	5640
sctg_189	344306	29	5642
sctg_1892	1990	2	5671
sctg_1893	2006	2	5673
sctg_1894	2006	2	5675
sctg_1895	2006	2	5677
sctg_1896	2004	2	5679
sctg_1897	2004	2	5681
sctg_1898	2004	1	5683
sctg_1899	2002	2	5684
sctg_19	1100642	102	5686
sctg_190	339332	29	5788
sctg_191	333838	28	5817
sctg_192	347550	29	5845
sctg_193	329506	30	5874
sctg_194	318036	29	5904
sctg_195	318013	30	5933
sctg_196	324936	28	5963
sctg_197	321740	27	5991
sctg_198	317353	27	6018
sctg_199	313144	28	6045
sctg_2	1894020	172	6073
sctg_20	1086620	96	6245
sctg_200	306974	28	6341
sctg_201	315962	25	6369
sctg_202	313492	26	6394
sctg_203	309679	27	6420
sctg_204	311697	24	6447
sctg_205	299241	28	6471
sctg_206	296281	24	6499
sctg_207	293188	29	6523
sctg_208	290706	29	6552
sctg_209	288938	25	6581
sctg_21	1084609	94	6606
sctg_210	295138	25	6700
sctg_211	289290	24	6725
sctg_212	284288	24	6749
sctg_213	286842	28	6773
sctg_214	283720	26	6801
sctg_215	283174	27	6827
sctg_216	287285	26	6854
sctg_217	279888	24	6880
sctg_218	281218	26	6904
sctg_219	275317	26	6930
sctg_22	1043404	91	6956
sctg_220	296629	24	7047
sctg_221	271698	24	7071
sctg_222	274379	26	7095
sctg_223	271498	28	7121
sctg_224	271925	24	7149
sctg_225	266164	21	7173
sctg_226	270970	24	7194
sctg_227	267340	23	7218
sctg_228	263496	22	7241
sctg_229	278809	22	7263
sctg_23	1033721	89	7285
sctg_230	260002	23	7374
sctg_231	265202	23	7397
sctg_232	269053	22	7420
sctg_233	253850	23	7442
sctg_234	260094	21	7465
sctg_235	257773	22	7486
sctg_236	257852	23	7508
sctg_237	253843	25	7531
sctg_238	254736	22	7556
sctg_239	251360	23	7578
sctg_24	1030715	90	7601
sctg_240	250983	22	7691
sctg_241	246932	23	7713
sctg_242	264910	23	7736
sctg_243	254885	22	7759
sctg_244	255063	21	7781
sctg_245	246901	21	7802
sctg_246	243722	24	7823
sctg_247	244737	19	7847
sctg_248	245048	21	7866
sctg_249	238189	21	7887
sctg_25	1018262	91	7908
sctg_250	252255	23	7999
sctg_251	237700	19	8022
sctg_252	239230	21	8041
sctg_253	238820	20	8062
sctg_254	246086	20	8082
sctg_255	236583	21	8102
sctg_256	237353	21	8123
sctg_257	236592	21	8144
sctg_258	233412	21	8165
sctg_259	230794	24	8186
sctg_26	1015445	87	8210
sctg_260	226858	20	8297
sctg_261	227613	22	8317
sctg_262	228969	21	8339
sctg_263	229230	22	8360
sctg_264	224290	20	8382
sctg_265	230204	19	8402
sctg_266	223137	19	8421
sctg_267	220567	17	8440
sctg_268	226056	19	8457
sctg_269	219649	20	8476
sctg_27	983517	90	8496
sctg_270	221125	21	8586
sctg_271	220629	21	8607
sctg_272	221799	20	8628
sctg_273	215636	19	8648
sctg_274	219812	19	8667
sctg_275	213446	19	8686
sctg_276	216022	19	8705
sctg_277	211243	18	8724
sctg_278	213452	21	8742
sctg_279	209511	19	8763
sctg_28	957396	87	8782
sctg_280	222349	18	8869
sctg_281	214151	20	8887
sctg_282	209721	18	8907
sctg_283	212758	18	8925
sctg_284	191240	18	8943
sctg_285	207741	17	8961
sctg_286	205588	18	8978
sctg_287	206680	20	8996
sctg_288	202158	17	9016
sctg_289	206437	20	9033
sctg_29	944381	88	9053
sctg_290	203236	17	9141
sctg_291	198910	19	9158
sctg_292	197458	18	9177
sctg_293	214083	17	9195
sctg_294	202284	18	9212
sctg_295	196872	17	9230
sctg_296	201648	19	9247
sctg_297	202386	18	9266
sctg_298	200421	19	9284
sctg_299	197968	18	9303
sctg_3	1695640	151	9321
sctg_30	954774	82	9472
sctg_300	204599	16	9554
sctg_301	199622	17	9570
sctg_302	197211	20	9587
sctg_303	202570	17	9607
sctg_304	201323	17	9624
sctg_305	195227	18	9641
sctg_306	194053	16	9659
sctg_307	191954	17	9675
sctg_308	193319	17	9692
sctg_309	191145	16	9709
sctg_31	955132	82	9725
sctg_310	192807	18	9807
sctg_311	196843	17	9825
sctg_312	193179	18	9842
sctg_313	193636	15	9860
sctg_314	196677	18	9875
sctg_315	193907	17	9893
sctg_316	189194	17	9910
sctg_317	186260	17	9927
sctg_318	185416	18	9944
sctg_319	189723	17	9962
sctg_32	952789	83	9979
sctg_320	191996	16	10062
sctg_321	201193	15	10078
sctg_322	183041	17	10093
sctg_323	187855	17	10110
sctg_324	186812	19	10127
sctg_325	185270	18	10146
sctg_326	182276	18	10164
sctg_327	190945	17	10182
sctg_328	182243	17	10199
sctg_329	180184	14	10216
sctg_33	929110	78	10230
sctg_330	182173	14	10308
sctg_331	185965	15	10322
sctg_332	179690	16	10337
sctg_333	177276	16	10353
sctg_334	176980	17	10369
sctg_335	173615	15	10386
sctg_336	182521	16	10401
sctg_337	173380	16	10417
sctg_338	186656	15	10433
sctg_339	174390	15	10448
sctg_34	907134	83	10463
sctg_340	180186	15	10546
sctg_341	174808	16	10561
sctg_342	187010	15	10577
sctg_343	174410	16	10592
sctg_344	168673	16	10608
sctg_345	186330	15	10624
sctg_346	177238	15	10639
sctg_347	166548	16	10654
sctg_348	173412	16	10670
sctg_349	191559	15	10686
sctg_35	899547	84	10701
sctg_350	171387	16	10785
sctg_351	179708	14	10801
sctg_352	161801	14	10815
sctg_353	176139	15	10829
sctg_354	177908	15	10844
sctg_355	167448	15	10859
sctg_356	171946	15	10874
sctg_357	166872	14	10889
sctg_358	162236	15	10903
sctg_359	162983	16	10918
sctg_36	912087	77	10934
sctg_360	159802	14	11011
sctg_361	161346	15	11025
sctg_362	160844	15	11040
sctg_363	159186	15	11055
sctg_364	168671	12	11070
sctg_365	161410	15	11082
sctg_366	159075	15	11097
sctg_367	159297	13	11112
sctg_368	155157	13	11125
sctg_369	153782	17	11138
sctg_37	908089	77	11155
sctg_370	156160	13	11232
sctg_371	156054	13	11245
sctg_372	157547	13	11258
sctg_373	150307	14	11271
sctg_374	153132	13	11285
sctg_375	153327	13	11298
sctg_376	155251	12	11311
sctg_377	145458	13	11323
sctg_378	150402	13	11336
sctg_379	144905	14	11349
sctg_38	904685	80	11363
sctg_380	143268	12	11443
sctg_381	144213	12	11455
sctg_382	140729	13	11467
sctg_383	145517	14	11480
sctg_384	141870	13	11494
sctg_385	143105	12	11507
sctg_386	144486	12	11519
sctg_387	140791	13	11531
sctg_388	142620	12	11544
sctg_389	141986	12	11556
sctg_39	891579	79	11568
sctg_390	141245	13	11647
sctg_391	136178	13	11660
sctg_392	135993	11	11673
sctg_393	126236	11	11684
sctg_394	131013	13	11695
sctg_395	137042	11	11708
sctg_396	129118	12	11719
sctg_398	133856	12	11731
sctg_399	130132	12	11743
sctg_4	1667773	148	11755
sctg_40	880874	81	11903
sctg_400	126492	12	11984
sctg_401	128133	12	11996
sctg_402	130599	11	12008
sctg_403	123845	10	12019
sctg_404	121052	11	12029
sctg_405	127190	12	12040
sctg_406	123651	12	12052
sctg_407	120306	11	12064
sctg_408	121197	10	12075
sctg_409	124964	10	12085
sctg_41	892610	78	12095
sctg_410	122199	10	12173
sctg_411	118254	11	12183
sctg_412	115110	11	12194
sctg_413	117111	11	12205
sctg_414	116523	11	12216
sctg_415	109603	10	12227
sctg_416	115059	11	12237
sctg_417	111451	10	12248
sctg_418	120216	10	12258
sctg_419	111904	10	12268
sctg_42	866109	76	12278
sctg_420	110665	10	12354
sctg_421	109109	9	12364
sctg_422	115125	10	12373
sctg_423	103715	10	12383
sctg_424	105883	10	12393
sctg_425	109994	10	12403
sctg_426	104510	10	12413
sctg_427	114725	9	12423
sctg_428	100991	9	12432
sctg_429	101912	10	12441
sctg_43	857596	73	12451
sctg_430	101059	9	12524
sctg_431	97116	11	12533
sctg_432	101588	9	12544
sctg_433	104593	9	12553
sctg_434	98862	9	12562
sctg_435	103980	9	12571
sctg_436	99304	9	12580
sctg_437	101602	9	12589
sctg_438	99637	9	12598
sctg_439	98750	9	12607
sctg_44	843311	70	12616
sctg_440	99883	9	12686
sctg_441	103104	8	12695
sctg_442	96744	9	12703
sctg_443	102816	8	12712
sctg_444	97518	8	12720
sctg_445	94858	10	12728
sctg_446	97693	9	12738
sctg_447	93235	9	12747
sctg_448	93912	9	12756
sctg_449	93975	8	12765
sctg_45	817014	72	12773
sctg_450	92860	9	12845
sctg_451	90810	9	12854
sctg_452	89890	9	12863
sctg_453	91069	9	12872
sctg_454	90554	9	12881
sctg_455	94836	8	12890
sctg_456	90181	8	12898
sctg_457	86411	8	12906
sctg_458	89443	9	12914
sctg_459	89364	9	12923
sctg_46	824927	71	12932
sctg_460	88216	7	13003
sctg_461	90824	7	13010
sctg_462	87688	8	13017
sctg_463	98479	10	13025
sctg_464	88158	8	13035
sctg_465	94040	9	13043
sctg_466	85583	7	13052
sctg_467	88073	7	13059
sctg_468	79423	9	13066
sctg_469	83892	7	13075
sctg_47	806785	68	13082
sctg_470	85960	8	13150
sctg_471	82910	7	13158
sctg_472	80207	9	13165
sctg_473	84021	8	13174
sctg_474	84980	8	13182
sctg_475	82771	8	13190
sctg_476	81377	7	13198
sctg_477	80965	8	13205
sctg_478	79439	8	13213
sctg_479	81343	8	13221
sctg_48	809313	68	13229
sctg_480	86757	8	13297
sctg_481	80082	8	13305
sctg_482	86188	7	13313
sctg_483	78756	8	13320
sctg_484	78648	7	13328
sctg_485	77645	7	13335
sctg_486	77004	7	13342
sctg_487	75216	7	13349
sctg_488	77912	5	13356
sctg_489	74531	7	13361
sctg_49	789073	70	13368
sctg_490	74018	8	13438
sctg_491	77015	8	13446
sctg_492	76577	7	13454
sctg_493	83472	7	13461
sctg_494	74445	7	13468
sctg_495	72752	7	13475
sctg_496	70336	7	13482
sctg_497	72037	7	13489
sctg_498	70507	7	13496
sctg_499	73115	8	13503
sctg_5	1591957	141	13511
sctg_50	778596	70	13652
sctg_500	77483	6	13722
sctg_501	71789	7	13728
sctg_502	73157	6	13735
sctg_503	71222	7	13741
sctg_504	70818	6	13748
sctg_505	69173	7	13754
sctg_506	73502	6	13761
sctg_507	69994	6	13767
sctg_508	65472	6	13773
sctg_509	66621	6	13779
sctg_51	782261	67	13785
sctg_510	66590	6	13852
sctg_511	67055	7	13858
sctg_512	67356	7	13865
sctg_513	64149	7	13872
sctg_514	64508	6	13879
sctg_515	63354	6	13885
sctg_516	63439	6	13891
sctg_517	63895	6	13897
sctg_518	65298	6	13903
sctg_519	61490	5	13909
sctg_52	776744	76	13914
sctg_520	64793	5	13990
sctg_521	63899	6	13995
sctg_522	61700	5	14001
sctg_523	59818	6	14006
sctg_524	60452	4	14012
sctg_525	57526	6	14016
sctg_526	57296	6	14022
sctg_527	59073	5	14028
sctg_528	56950	6	14033
sctg_529	58917	5	14039
sctg_53	783420	70	14044
sctg_530	57181	6	14114
sctg_531	55520	4	14120
sctg_532	55297	6	14124
sctg_533	59501	5	14130
sctg_534	71502	5	14135
sctg_535	54074	4	14140
sctg_536	55883	6	14144
sctg_537	54110	6	14150
sctg_538	51375	4	14156
sctg_539	50649	5	14160
sctg_54	777257	67	14165
sctg_540	67011	6	14232
sctg_541	55175	5	14238
sctg_542	53309	5	14243
sctg_543	47824	6	14248
sctg_544	56549	5	14254
sctg_545	54160	6	14259
sctg_546	50860	6	14265
sctg_547	49362	5	14271
sctg_548	49446	4	14276
sctg_549	50165	5	14280
sctg_55	759589	71	14285
sctg_550	48804	5	14356
sctg_551	50726	5	14361
sctg_552	51451	6	14366
sctg_553	50645	5	14372
sctg_554	49437	6	14377
sctg_555	44279	5	14383
sctg_556	51267	5	14388
sctg_557	49511	5	14393
sctg_558	48212	5	14398
sctg_559	47338	5	14403
sctg_56	771551	69	14408
sctg_560	49199	5	14477
sctg_561	50585	5	14482
sctg_562	46658	4	14487
sctg_563	49373	5	14491
sctg_564	45876	4	14496
sctg_565	44715	5	14500
sctg_566	55074	4	14505
sctg_567	47575	5	14509
sctg_568	47111	4	14514
sctg_569	43431	4	14518
sctg_57	761978	67	14522
sctg_570	44006	4	14589
sctg_571	42377	4	14593
sctg_572	43288	5	14597
sctg_573	39726	3	14602
sctg_574	42826	4	14605
sctg_575	42123	4	14609
sctg_576	42630	4	14613
sctg_577	42443	4	14617
sctg_578	36100	4	14621
sctg_579	37291	3	14625
sctg_58	751488	72	14628
sctg_580	41406	4	14700
sctg_581	45049	4	14704
sctg_582	41392	4	14708
sctg_583	42006	4	14712
sctg_584	40523	4	14716
sctg_585	47840	4	14720
sctg_586	44174	4	14724
sctg_587	40745	3	14728
sctg_588	44922	4	14731
sctg_589	42871	4	14735
sctg_59	752795	66	14739
sctg_590	41963	4	14805
sctg_591	39502	4	14809
sctg_592	38235	4	14813
sctg_593	39992	3	14817
sctg_594	38435	5	14820
sctg_595	40049	4	14825
sctg_596	41098	4	14829
sctg_597	39462	3	14833
sctg_598	37862	4	14836
sctg_599	36540	4	14840
sctg_6	1394342	128	14844
sctg_60	758589	63	14972
sctg_600	40917	4	15035
sctg_601	34915	3	15039
sctg_602	36896	4	15042
sctg_603	36133	5	15046
sctg_604	37892	4	15051
sctg_605	38255	3	15055
sctg_606	35242	4	15058
sctg_607	44825	4	15062
sctg_608	34121	5	15066
sctg_609	33107	4	15071
sctg_61	756132	68	15075
sctg_610	33916	4	15143
sctg_611	36610	4	15147
sctg_612	47957	4	15151
sctg_613	36036	3	15155
sctg_614	34673	3	15158
sctg_615	33206	3	15161
sctg_616	33828	4	15164
sctg_617	41492	4	15168
sctg_618	33961	3	15172
sctg_619	33205	3	15175
sctg_62	751372	66	15178
sctg_620	36709	3	15244
sctg_621	36150	4	15247
sctg_622	32627	3	15251
sctg_623	37677	4	15254
sctg_624	32413	4	15258
sctg_625	33413	3	15262
sctg_626	34235	3	15265
sctg_627	31036	3	15268
sctg_628	29563	3	15271
sctg_629	31021	3	15274
sctg_63	728232	69	15277
sctg_630	26866	3	15346
sctg_631	32521	3	15349
sctg_632	34329	4	15352
sctg_633	29696	4	15356
sctg_634	35317	4	15360
sctg_635	31429	4	15364
sctg_636	29798	3	15368
sctg_637	29269	3	15371
sctg_638	29080	3	15374
sctg_639	27741	3	15377
sctg_64	732705	63	15380
sctg_640	33507	3	15443
sctg_641	28511	3	15446
sctg_642	27994	3	15449
sctg_643	31120	2	15452
sctg_644	30031	2	15454
sctg_645	27819	3	15456
sctg_646	32479	3	15459
sctg_647	28900	3	15462
sctg_648	29262	3	15465
sctg_649	26208	3	15468
sctg_65	739199	62	15471
sctg_650	34665	3	15533
sctg_651	27727	3	15536
sctg_652	25953	3	15539
sctg_653	27618	3	15542
sctg_654	25538	3	15545
sctg_655	29849	2	15548
sctg_656	29080	3	15550
sctg_657	25193	3	15553
sctg_658	25909	3	15556
sctg_659	24973	2	15559
sctg_66	709477	62	15561
sctg_660	24735	2	15623
sctg_661	26115	3	15625
sctg_662	24822	3	15628
sctg_663	24417	3	15631
sctg_665	24349	3	15634
sctg_666	24168	3	15637
sctg_668	22834	2	15640
sctg_669	25307	2	15642
sctg_67	698854	62	15644
sctg_670	24510	3	15706
sctg_671	24194	2	15709
sctg_672	23419	3	15711
sctg_673	22298	2	15714
sctg_674	23827	3	15716
sctg_675	24923	3	15719
sctg_676	23159	3	15722
sctg_677	23496	3	15725
sctg_678	24946	3	15728
sctg_679	22395	3	15731
sctg_68	683462	60	15734
sctg_680	28656	3	15794
sctg_681	23470	2	15797
sctg_682	25136	2	15799
sctg_683	22472	3	15801
sctg_684	22454	3	15804
sctg_685	30220	2	15807
sctg_686	22782	3	15809
sctg_687	21944	2	15812
sctg_688	22440	3	15814
sctg_689	21498	2	15817
sctg_69	690400	61	15819
sctg_690	21458	2	15880
sctg_691	21531	2	15882
sctg_692	21097	3	15884
sctg_693	21589	2	15887
sctg_694	28569	2	15889
sctg_696	20914	3	15891
sctg_697	19391	3	15894
sctg_698	20372	2	15897
sctg_699	20378	2	15899
sctg_7	1392435	122	15901
sctg_70	691862	59	16023
sctg_700	20646	2	16082
sctg_701	21084	2	16084
sctg_702	20015	2	16086
sctg_703	20702	2	16088
sctg_704	20979	2	16090
sctg_705	19948	2	16092
sctg_706	16827	1	16094
sctg_707	20622	2	16095
sctg_708	20988	3	16097
sctg_709	19182	2	16100
sctg_71	674171	58	16102
sctg_710	23473	2	16160
sctg_711	20708	2	16162
sctg_712	17996	2	16164
sctg_713	18912	2	16166
sctg_714	19434	2	16168
sctg_715	21970	2	16170
sctg_716	18486	2	16172
sctg_717	26922	2	16174
sctg_718	22991	2	16176
sctg_719	18081	2	16178
sctg_72	692038	56	16180
sctg_720	19832	2	16236
sctg_721	17968	2	16238
sctg_722	17946	2	16240
sctg_723	24417	3	16242
sctg_724	17862	2	16245
sctg_725	17874	2	16247
sctg_726	22931	3	16249
sctg_727	24197	2	16252
sctg_728	15535	3	16254
sctg_729	17795	2	16257
sctg_73	658169	63	16259
sctg_731	17172	2	16322
sctg_732	17025	2	16324
sctg_733	17008	2	16326
sctg_734	20819	2	16328
sctg_735	16729	2	16330
sctg_736	17393	2	16332
sctg_737	16493	2	16334
sctg_738	16558	2	16336
sctg_739	16312	2	16338
sctg_74	658846	58	16340
sctg_740	16411	2	16398
sctg_741	16264	2	16400
sctg_742	16208	2	16402
sctg_743	15244	2	16404
sctg_744	16098	2	16406
sctg_745	16778	2	16408
sctg_746	17776	2	16410
sctg_747	15166	2	16412
sctg_748	16644	2	16414
sctg_749	15657	1	16416
sctg_75	656041	58	16417
sctg_750	15596	2	16475
sctg_751	15430	2	16477
sctg_752	17124	2	16479
sctg_753	15301	2	16481
sctg_754	17496	2	16483
sctg_755	21490	1	16485
sctg_756	15532	2	16486
sctg_757	14994	2	16488
sctg_758	14831	2	16490
sctg_759	26740	2	16492
sctg_76	665784	57	16494
sctg_760	22148	2	16551
sctg_761	14517	2	16553
sctg_762	15629	2	16555
sctg_763	14362	2	16557
sctg_764	24314	2	16559
sctg_765	14857	2	16561
sctg_766	14312	2	16563
sctg_767	15630	2	16565
sctg_768	19801	1	16567
sctg_769	14128	2	16568
sctg_77	652918	58	16570
sctg_770	14784	1	16628
sctg_771	15120	2	16629
sctg_772	14011	2	16631
sctg_773	13991	2	16633
sctg_774	21203	2	16635
sctg_775	15067	2	16637
sctg_776	15091	2	16639
sctg_777	15241	2	16641
sctg_778	13507	2	16643
sctg_779	13519	2	16645
sctg_78	631341	57	16647
sctg_780	13452	2	16704
sctg_781	13420	2	16706
sctg_782	13291	2	16708
sctg_783	13178	2	16710
sctg_784	13139	2	16712
sctg_785	13010	2	16714
sctg_786	14979	1	16716
sctg_787	14469	2	16717
sctg_788	12931	2	16719
sctg_789	12675	2	16721
sctg_79	621788	55	16723
sctg_790	17048	1	16778
sctg_791	12410	1	16779
sctg_792	12581	2	16780
sctg_794	12451	1	16782
sctg_795	12324	2	16783
sctg_796	12207	1	16785
sctg_797	12205	2	16786
sctg_798	12171	1	16788
sctg_799	12048	1	16789
sctg_8	1290822	118	16790
sctg_80	620644	52	16908
sctg_800	12729	1	16960
sctg_801	12003	2	16961
sctg_802	11767	1	16963
sctg_803	11724	2	16964
sctg_804	11820	2	16966
sctg_805	17970	2	16968
sctg_806	12602	2	16970
sctg_807	11535	2	16972
sctg_808	11352	2	16974
sctg_809	11279	2	16976
sctg_81	626741	52	16978
sctg_812	11142	2	17030
sctg_813	11516	1	17032
sctg_814	10470	1	17033
sctg_815	12823	2	17034
sctg_816	11053	1	17036
sctg_817	11622	1	17037
sctg_818	10904	1	17038
sctg_819	10795	1	17039
sctg_82	604434	55	17040
sctg_820	10757	1	17095
sctg_821	18537	2	17096
sctg_823	11307	2	17098
sctg_825	10694	1	17100
sctg_826	14728	2	17101
sctg_828	14071	1	17103
sctg_829	16835	2	17104
sctg_83	599927	57	17106
sctg_830	12259	2	17163
sctg_831	12198	1	17165
sctg_832	10345	1	17166
sctg_833	14785	1	17167
sctg_834	10078	2	17168
sctg_835	10033	1	17170
sctg_836	10020	1	17171
sctg_837	9944	2	17172
sctg_838	9880	2	17174
sctg_839	11064	1	17176
sctg_84	599728	53	17177
sctg_840	10083	1	17230
sctg_841	9786	2	17231
sctg_842	9786	1	17233
sctg_843	9914	2	17234
sctg_844	10323	2	17236
sctg_845	9610	1	17238
sctg_846	9531	2	17239
sctg_847	14396	2	17241
sctg_848	11953	2	17243
sctg_849	9333	2	17245
sctg_85	597816	57	17247
sctg_850	9322	1	17304
sctg_851	11127	1	17305
sctg_852	9269	1	17306
sctg_854	11117	2	17307
sctg_855	9247	1	17309
sctg_856	9267	2	17310
sctg_857	9249	1	17312
sctg_858	9240	1	17313
sctg_859	9240	2	17314
sctg_86	590616	51	17316
sctg_860	9233	1	17367
sctg_861	9215	1	17368
sctg_862	9213	1	17369
sctg_863	9207	2	17370
sctg_864	9204	1	17372
sctg_865	9203	1	17373
sctg_866	9201	1	17374
sctg_867	9199	1	17375
sctg_868	9194	1	17376
sctg_869	9192	1	17377
sctg_87	577442	53	17378
sctg_871	9179	2	17431
sctg_872	9168	1	17433
sctg_873	9168	1	17434
sctg_874	9120	1	17435
sctg_875	9161	1	17436
sctg_876	9161	1	17437
sctg_877	9156	1	17438
sctg_878	9155	1	17439
sctg_879	9155	1	17440
sctg_88	574566	51	17441
sctg_880	9152	2	17492
sctg_881	9152	1	17494
sctg_882	9151	2	17495
sctg_883	9148	1	17497
sctg_884	9143	1	17498
sctg_885	9129	1	17499
sctg_887	9125	1	17500
sctg_888	9125	1	17501
sctg_889	9122	2	17502
sctg_89	572144	53	17504
sctg_890	9121	2	17557
sctg_891	9116	2	17559
sctg_892	9116	1	17561
sctg_894	9091	1	17562
sctg_895	9054	2	17563
sctg_896	9083	1	17565
sctg_897	9067	1	17566
sctg_898	9063	2	17567
sctg_899	9061	1	17569
sctg_9	1293259	122	17570
sctg_90	565590	52	17692
sctg_900	9054	1	17744
sctg_901	9038	1	17745
sctg_902	7149	1	17746
sctg_903	8999	1	17747
sctg_904	8998	1	17748
sctg_905	8976	1	17749
sctg_906	8991	1	17750
sctg_907	8758	2	17751
sctg_908	8947	2	17753
sctg_909	8918	1	17755
sctg_91	564384	54	17756
sctg_910	8910	1	17810
sctg_911	8907	1	17811
sctg_912	12722	2	17812
sctg_913	9832	1	17814
sctg_914	8833	2	17815
sctg_915	8872	1	17817
sctg_916	8853	1	17818
sctg_917	12255	2	17819
sctg_918	8825	1	17821
sctg_919	10260	1	17822
sctg_92	558846	49	17823
sctg_920	9980	2	17872
sctg_921	11147	1	17874
sctg_922	8730	1	17875
sctg_923	8820	1	17876
sctg_924	8699	1	17877
sctg_925	8686	1	17878
sctg_926	8608	1	17879
sctg_927	8680	1	17880
sctg_928	14557	2	17881
sctg_929	8524	2	17883
sctg_93	551564	49	17885
sctg_930	8537	1	17934
sctg_931	8506	1	17935
sctg_932	8503	1	17936
sctg_933	9265	3	17937
sctg_934	8431	1	17940
sctg_935	8412	1	17941
sctg_936	8378	1	17942
sctg_938	8268	1	17943
sctg_939	8267	1	17944
sctg_94	544140	51	17945
sctg_940	8261	2	17996
sctg_941	8217	1	17998
sctg_942	8971	1	17999
sctg_943	8208	1	18000
sctg_944	8207	2	18001
sctg_945	8132	2	18003
sctg_946	8117	1	18005
sctg_947	9031	1	18006
sctg_949	7948	2	18007
sctg_95	539924	48	18009
sctg_950	7911	2	18057
sctg_951	7904	2	18059
sctg_952	9351	1	18061
sctg_953	10458	2	18062
sctg_954	14002	1	18064
sctg_955	7813	1	18065
sctg_956	11439	2	18066
sctg_958	14508	2	18068
sctg_959	15061	1	18070
sctg_96	553561	49	18071
sctg_960	8402	1	18120
sctg_961	7645	2	18121
sctg_962	7644	2	18123
sctg_963	7643	2	18125
sctg_964	9185	2	18127
sctg_965	7558	2	18129
sctg_966	8364	2	18131
sctg_967	7523	1	18133
sctg_968	7492	2	18134
sctg_969	7488	1	18136
sctg_97	551975	48	18137
sctg_970	7480	1	18185
sctg_971	7069	2	18186
sctg_972	7550	2	18188
sctg_973	7526	2	18190
sctg_975	7488	2	18192
sctg_976	7380	2	18194
sctg_977	7654	1	18196
sctg_978	11326	1	18197
sctg_979	7315	1	18198
sctg_98	527895	44	18199
sctg_980	7282	1	18243
sctg_981	7501	2	18244
sctg_982	12360	2	18246
sctg_983	7254	2	18248
sctg_984	13464	2	18250
sctg_985	8100	2	18252
sctg_986	7184	1	18254
sctg_987	9975	1	18255
sctg_988	7227	2	18256
sctg_99	541954	48	18258
sctg_990	7105	2	18306
sctg_991	7070	1	18308
sctg_993	13104	2	18309
sctg_994	6914	2	18311
sctg_995	6895	1	18313
sctg_996	10734	2	18314
sctg_997	6840	2	18316
sctg_998	6818	2	18318
sctg_999	6999	1	18320
sctg_667	27246	2	18321
