contig	length_kb	n_frags	cumul_length
sctg_0	3745584	110	0
sctg_10	1271836	40	110
sctg_100	546921	17	150
sctg_1000	6814	1	167
sctg_1001	6781	2	168
sctg_1002	6756	2	170
sctg_1003	6685	2	172
sctg_1004	6716	2	174
sctg_1006	6569	1	176
sctg_1007	6549	2	177
sctg_1008	6555	1	179
sctg_1009	6537	2	180
sctg_101	536733	16	182
sctg_1010	6597	2	198
sctg_1011	6515	2	200
sctg_1012	7278	1	202
sctg_1013	6499	1	203
sctg_1014	12980	1	204
sctg_1015	6416	2	205
sctg_1016	6410	1	207
sctg_1017	6407	2	208
sctg_1018	6380	2	210
sctg_1019	6846	2	212
sctg_102	520191	16	214
sctg_1020	6345	1	230
sctg_1021	6315	2	231
sctg_1022	6313	1	233
sctg_1023	6307	2	234
sctg_1024	6307	2	236
sctg_1026	13677	2	238
sctg_1027	8812	1	240
sctg_1028	14884	1	241
sctg_1029	6278	1	242
sctg_103	523379	15	243
sctg_1030	6264	2	258
sctg_1031	6254	2	260
sctg_1032	6248	2	262
sctg_1033	6243	1	264
sctg_1034	6234	1	265
sctg_1035	15062	1	266
sctg_1036	8633	1	267
sctg_1037	6207	2	268
sctg_1038	6258	2	270
sctg_1039	6183	1	272
sctg_104	522721	15	273
sctg_1040	5073	2	288
sctg_1041	6242	2	290
sctg_1042	6125	2	292
sctg_1043	6221	2	294
sctg_1044	6079	2	296
sctg_1045	6040	2	298
sctg_1046	6030	1	300
sctg_1047	6240	2	301
sctg_1048	6016	1	303
sctg_1049	6015	2	304
sctg_105	521263	15	306
sctg_1051	5972	2	321
sctg_1052	5968	1	323
sctg_1053	13894	1	324
sctg_1054	5951	2	325
sctg_1055	6522	2	327
sctg_1056	5934	1	329
sctg_1058	5928	2	330
sctg_1059	5925	1	332
sctg_106	515965	16	333
sctg_1060	5909	2	349
sctg_1061	5894	2	351
sctg_1062	5885	2	353
sctg_1063	5884	1	355
sctg_1064	5876	1	356
sctg_1065	5859	1	357
sctg_1066	6827	1	358
sctg_1067	5833	2	359
sctg_1068	4000	2	361
sctg_1069	5761	1	363
sctg_107	521539	15	364
sctg_1070	5768	2	379
sctg_1071	5764	2	381
sctg_1072	5754	1	383
sctg_1073	5752	1	384
sctg_1074	5799	2	385
sctg_1075	7698	2	387
sctg_1076	5691	2	389
sctg_1077	5613	1	391
sctg_1078	5633	2	392
sctg_1079	5697	1	394
sctg_108	521777	16	395
sctg_1080	6036	2	411
sctg_1081	5574	2	413
sctg_1082	6817	2	415
sctg_1083	5660	2	417
sctg_1084	5551	2	419
sctg_1085	7155	1	421
sctg_1086	5498	2	422
sctg_1087	5492	1	424
sctg_1088	6276	2	425
sctg_1089	10690	2	427
sctg_109	511637	16	429
sctg_1090	6191	2	445
sctg_1091	5426	1	447
sctg_1092	5641	2	448
sctg_1093	5382	2	450
sctg_1094	6283	1	452
sctg_1095	8793	1	453
sctg_1097	5357	2	454
sctg_1098	5323	2	456
sctg_1099	6148	2	458
sctg_11	1201849	37	460
sctg_110	518109	14	497
sctg_1100	5400	2	511
sctg_1101	5385	1	513
sctg_1102	5281	2	514
sctg_1103	5404	2	516
sctg_1104	5225	2	518
sctg_1105	5188	2	520
sctg_1106	5185	1	522
sctg_1107	5357	1	523
sctg_1108	5453	2	524
sctg_1109	5160	1	526
sctg_111	507503	15	527
sctg_1110	5157	2	542
sctg_1111	6071	2	544
sctg_1112	5116	2	546
sctg_1113	9309	1	548
sctg_1114	5082	2	549
sctg_1115	6407	2	551
sctg_1116	5232	1	553
sctg_1117	5094	2	554
sctg_1118	4977	2	556
sctg_1119	13383	2	558
sctg_112	523010	15	560
sctg_1120	4942	2	575
sctg_1122	6119	1	577
sctg_1123	6258	1	578
sctg_1124	4916	1	579
sctg_1125	5477	1	580
sctg_1126	4914	2	581
sctg_1127	5881	1	583
sctg_1128	3611	1	584
sctg_1129	12920	1	585
sctg_113	497380	15	586
sctg_1130	4893	2	601
sctg_1131	4847	2	603
sctg_1132	6323	1	605
sctg_1133	7053	1	606
sctg_1135	6807	2	607
sctg_1136	4812	2	609
sctg_1137	6368	2	611
sctg_1138	4762	2	613
sctg_1139	4326	1	615
sctg_114	502603	14	616
sctg_1140	6597	1	630
sctg_1141	6101	2	631
sctg_1143	6148	2	633
sctg_1144	4647	2	635
sctg_1146	4627	1	637
sctg_1147	4576	2	638
sctg_1148	5345	2	640
sctg_1149	4604	2	642
sctg_115	504428	15	644
sctg_1150	3644	2	659
sctg_1151	4688	1	661
sctg_1152	4578	1	662
sctg_1154	4537	1	663
sctg_1156	4501	2	664
sctg_1157	4473	2	666
sctg_1158	3763	2	668
sctg_116	506676	14	670
sctg_1160	4561	2	684
sctg_1161	4460	2	686
sctg_1162	4453	1	688
sctg_1163	4450	2	689
sctg_1166	4904	2	691
sctg_1167	4510	2	693
sctg_1168	4333	2	695
sctg_117	508313	14	697
sctg_1171	4460	2	711
sctg_1172	4309	1	713
sctg_1173	7246	2	714
sctg_1175	3664	2	716
sctg_1177	12690	2	718
sctg_118	496777	14	720
sctg_1180	4197	1	734
sctg_1182	4322	2	735
sctg_1183	4677	2	737
sctg_1186	4041	2	739
sctg_1187	4057	2	741
sctg_1189	3515	1	743
sctg_119	491596	16	744
sctg_1190	4113	2	760
sctg_1192	3977	2	762
sctg_1193	3933	2	764
sctg_1194	3915	1	766
sctg_1195	3912	1	767
sctg_1199	3903	1	768
sctg_12	1207602	36	769
sctg_120	483608	15	805
sctg_1202	3794	1	820
sctg_1203	3793	2	821
sctg_1204	6539	1	823
sctg_1205	3745	1	824
sctg_1206	3720	2	825
sctg_1208	3662	2	827
sctg_121	515706	14	829
sctg_1211	3621	2	843
sctg_1212	3615	1	845
sctg_1214	3603	1	846
sctg_1215	3578	1	847
sctg_122	487711	14	848
sctg_1226	3460	1	862
sctg_123	494152	15	863
sctg_1230	4305	1	878
sctg_1232	3412	2	879
sctg_1233	3410	1	881
sctg_1234	3398	1	882
sctg_1237	3373	2	883
sctg_124	476472	14	885
sctg_1242	3339	1	899
sctg_1243	5827	1	900
sctg_1246	3295	1	901
sctg_1247	6164	1	902
sctg_1249	3272	2	903
sctg_125	479714	15	905
sctg_1250	3263	2	920
sctg_1251	4029	2	922
sctg_1252	3250	2	924
sctg_1253	3243	1	926
sctg_1254	3240	1	927
sctg_1256	3228	2	928
sctg_1257	3226	1	930
sctg_126	483671	14	931
sctg_1262	3198	1	945
sctg_1263	3181	1	946
sctg_1269	7171	2	947
sctg_127	478815	15	949
sctg_1270	3148	2	964
sctg_1273	3117	2	966
sctg_1274	3109	2	968
sctg_1276	5519	1	970
sctg_1277	3093	2	971
sctg_1278	3087	1	973
sctg_1279	3085	1	974
sctg_128	478782	14	975
sctg_1280	3084	2	989
sctg_1283	3076	2	991
sctg_1285	3067	1	993
sctg_1286	3060	2	994
sctg_1288	3047	1	996
sctg_1289	3042	1	997
sctg_129	473873	14	998
sctg_1292	3023	2	1012
sctg_1295	3005	2	1014
sctg_1296	2976	2	1016
sctg_1297	3000	1	1018
sctg_1298	2974	2	1019
sctg_1299	2995	2	1021
sctg_13	1198315	36	1023
sctg_130	461857	15	1059
sctg_1303	2964	2	1074
sctg_1304	2958	1	1076
sctg_1305	2958	1	1077
sctg_1307	2954	1	1078
sctg_1308	2952	2	1079
sctg_1309	2950	2	1081
sctg_131	469652	13	1083
sctg_1310	2945	1	1096
sctg_1311	2939	1	1097
sctg_1318	2911	2	1098
sctg_132	456593	15	1100
sctg_1323	2882	2	1115
sctg_1326	2876	2	1117
sctg_133	463476	14	1119
sctg_1330	2861	1	1133
sctg_1332	2844	2	1134
sctg_1334	2845	2	1136
sctg_1335	6167	1	1138
sctg_1336	2835	2	1139
sctg_1337	2834	2	1141
sctg_1338	2821	2	1143
sctg_1339	2820	2	1145
sctg_134	451763	15	1147
sctg_1343	2743	2	1162
sctg_1345	2805	2	1164
sctg_1346	2800	2	1166
sctg_1347	2799	2	1168
sctg_1349	2788	1	1170
sctg_135	450597	14	1171
sctg_1351	2779	2	1185
sctg_1356	2768	1	1187
sctg_1359	2749	2	1188
sctg_136	452496	14	1190
sctg_1360	2747	1	1204
sctg_1361	2747	1	1205
sctg_1362	2719	2	1206
sctg_1363	2742	1	1208
sctg_1364	2738	2	1209
sctg_1366	2736	1	1211
sctg_1367	2733	2	1212
sctg_1368	2722	2	1214
sctg_137	453703	13	1216
sctg_1370	2712	1	1229
sctg_1372	2705	1	1230
sctg_1376	2690	1	1231
sctg_1379	2686	2	1232
sctg_138	439392	13	1234
sctg_1380	2684	2	1247
sctg_1383	2678	1	1249
sctg_1384	2677	1	1250
sctg_1387	2673	1	1251
sctg_1389	2667	2	1252
sctg_139	445129	13	1254
sctg_1390	2666	2	1267
sctg_1394	2654	1	1269
sctg_1395	2652	2	1270
sctg_1396	2650	2	1272
sctg_1397	2648	2	1274
sctg_1398	2644	1	1276
sctg_1399	2642	1	1277
sctg_14	1172230	36	1278
sctg_140	440654	15	1314
sctg_1401	2640	1	1329
sctg_1402	2639	1	1330
sctg_1404	2601	1	1331
sctg_1407	2589	1	1332
sctg_1409	2622	1	1333
sctg_141	435803	14	1334
sctg_1410	2621	1	1348
sctg_1414	2615	1	1349
sctg_1416	2613	2	1350
sctg_1417	2606	2	1352
sctg_1419	2589	1	1354
sctg_142	439664	13	1355
sctg_1420	2588	1	1368
sctg_1421	2587	2	1369
sctg_1422	2584	2	1371
sctg_1423	2536	1	1373
sctg_1424	2580	1	1374
sctg_1425	2512	2	1375
sctg_1428	2569	1	1377
sctg_143	432829	14	1378
sctg_1430	2566	2	1392
sctg_1436	2543	2	1394
sctg_1438	2487	2	1396
sctg_1439	2538	2	1398
sctg_144	431193	13	1400
sctg_1441	2540	1	1413
sctg_1443	2532	1	1414
sctg_1446	2530	2	1415
sctg_1447	2530	2	1417
sctg_1448	2529	2	1419
sctg_145	436202	12	1421
sctg_1450	2524	1	1433
sctg_1452	2521	2	1434
sctg_1455	2511	1	1436
sctg_1456	2511	2	1437
sctg_1459	2500	1	1439
sctg_146	434360	14	1440
sctg_1460	2498	2	1454
sctg_1461	2498	2	1456
sctg_1462	2497	2	1458
sctg_1463	2497	2	1460
sctg_1464	2493	1	1462
sctg_1467	2486	1	1463
sctg_1468	2486	2	1464
sctg_147	421466	13	1466
sctg_1472	2473	2	1479
sctg_1473	2473	2	1481
sctg_1474	2472	1	1483
sctg_1475	2464	1	1484
sctg_1476	2459	2	1485
sctg_1477	2462	1	1487
sctg_1478	2458	1	1488
sctg_148	424104	13	1489
sctg_1480	2416	2	1502
sctg_1482	2422	2	1504
sctg_1484	2409	1	1506
sctg_1485	2455	2	1507
sctg_1487	2451	1	1509
sctg_149	416312	13	1510
sctg_1490	2446	1	1523
sctg_1491	2443	2	1524
sctg_1492	2442	2	1526
sctg_1493	2440	1	1528
sctg_1494	2403	1	1529
sctg_1495	2436	2	1530
sctg_1496	2403	1	1532
sctg_1497	2403	1	1533
sctg_15	1139494	33	1534
sctg_150	422720	13	1567
sctg_1502	2427	1	1580
sctg_1505	2423	1	1581
sctg_1506	2421	1	1582
sctg_1509	2418	1	1583
sctg_151	413142	12	1584
sctg_1511	2413	1	1596
sctg_1515	2407	2	1597
sctg_1516	2406	2	1599
sctg_1517	2402	1	1601
sctg_1518	2401	2	1602
sctg_1519	2400	1	1604
sctg_152	420878	12	1605
sctg_1520	2399	2	1617
sctg_1522	2395	2	1619
sctg_1525	2386	1	1621
sctg_1529	2376	1	1622
sctg_153	404940	13	1623
sctg_1530	2376	2	1636
sctg_1532	2369	1	1638
sctg_1533	2368	1	1639
sctg_1535	2366	2	1640
sctg_1536	2366	1	1642
sctg_1537	2366	2	1643
sctg_1539	2358	1	1645
sctg_154	418983	13	1646
sctg_1541	2324	1	1659
sctg_1542	2354	1	1660
sctg_1543	2353	1	1661
sctg_1544	2350	2	1662
sctg_1545	2347	2	1664
sctg_1547	2346	1	1666
sctg_1548	2344	1	1667
sctg_1549	2344	2	1668
sctg_155	409479	13	1670
sctg_1552	2315	1	1683
sctg_1553	2336	2	1684
sctg_1554	2335	2	1686
sctg_1555	2333	2	1688
sctg_1558	2330	1	1690
sctg_1559	2328	1	1691
sctg_156	405149	13	1692
sctg_1560	2321	2	1705
sctg_1561	2328	1	1707
sctg_1563	2246	2	1708
sctg_1565	2325	2	1710
sctg_1566	2323	1	1712
sctg_1567	2321	2	1713
sctg_1568	2320	1	1715
sctg_1569	2318	2	1716
sctg_157	411445	13	1718
sctg_1570	2317	1	1731
sctg_1571	2313	2	1732
sctg_1572	2313	2	1734
sctg_1573	2311	1	1736
sctg_1576	2307	2	1737
sctg_1577	2302	1	1739
sctg_1578	2306	1	1740
sctg_1579	2305	1	1741
sctg_158	408399	12	1742
sctg_1581	2303	1	1754
sctg_1582	2301	1	1755
sctg_1586	2296	1	1756
sctg_1587	2294	1	1757
sctg_1588	2292	1	1758
sctg_1589	2289	1	1759
sctg_159	398523	12	1760
sctg_1590	2289	2	1772
sctg_1591	2287	1	1774
sctg_1592	2286	2	1775
sctg_1593	2286	1	1777
sctg_1594	2281	2	1778
sctg_1595	2273	2	1780
sctg_16	1133248	35	1782
sctg_160	394780	13	1817
sctg_1600	2274	1	1830
sctg_1604	2270	2	1831
sctg_1605	2267	2	1833
sctg_1606	2251	1	1835
sctg_1607	2260	1	1836
sctg_1609	2256	1	1837
sctg_161	400297	12	1838
sctg_1611	2255	2	1850
sctg_1612	2253	1	1852
sctg_1613	2252	1	1853
sctg_1615	2250	2	1854
sctg_1618	2244	2	1856
sctg_1619	2244	2	1858
sctg_162	401382	12	1860
sctg_1621	2241	2	1872
sctg_1622	2240	1	1874
sctg_1624	2239	2	1875
sctg_1626	2237	2	1877
sctg_1629	2232	1	1879
sctg_163	402252	12	1880
sctg_1630	2228	1	1892
sctg_1632	2226	2	1893
sctg_1633	2226	2	1895
sctg_1634	2226	2	1897
sctg_1635	2225	1	1899
sctg_1636	2175	2	1900
sctg_1638	2220	2	1902
sctg_164	400887	12	1904
sctg_1640	2219	2	1916
sctg_1642	2217	2	1918
sctg_1643	2217	1	1920
sctg_1644	2217	1	1921
sctg_1647	2214	2	1922
sctg_1648	2212	2	1924
sctg_1649	2211	1	1926
sctg_165	399073	12	1927
sctg_1650	2210	2	1939
sctg_1651	2209	1	1941
sctg_1653	2175	2	1942
sctg_1654	2207	1	1944
sctg_1655	2205	1	1945
sctg_1656	2204	2	1946
sctg_166	407896	11	1948
sctg_1661	2193	2	1959
sctg_1662	2191	2	1961
sctg_1663	2172	2	1963
sctg_1664	2191	2	1965
sctg_1665	2190	1	1967
sctg_1667	2189	2	1968
sctg_1669	2185	2	1970
sctg_167	412829	12	1972
sctg_1674	2178	2	1984
sctg_1675	2178	1	1986
sctg_1677	2175	2	1987
sctg_1678	2175	1	1989
sctg_1679	2175	2	1990
sctg_168	392037	13	1992
sctg_1680	2174	2	2005
sctg_1681	2173	1	2007
sctg_1682	2135	1	2008
sctg_1684	2163	2	2009
sctg_1685	2169	1	2011
sctg_1687	2164	1	2012
sctg_1689	2163	2	2013
sctg_169	393698	12	2015
sctg_1690	2162	2	2027
sctg_1695	2159	2	2029
sctg_1697	2154	1	2031
sctg_1698	2154	1	2032
sctg_17	1123385	34	2033
sctg_170	380651	11	2067
sctg_1700	2153	1	2078
sctg_1701	2153	2	2079
sctg_1702	2152	1	2081
sctg_1704	2149	1	2082
sctg_1705	2147	2	2083
sctg_1707	2146	1	2085
sctg_1708	2135	2	2086
sctg_1709	2145	2	2088
sctg_171	378343	12	2090
sctg_1710	2145	2	2102
sctg_1712	2144	1	2104
sctg_1715	2143	2	2105
sctg_1717	2141	2	2107
sctg_1718	2141	2	2109
sctg_172	376979	12	2111
sctg_1720	2140	1	2123
sctg_1724	2134	2	2124
sctg_1726	2132	2	2126
sctg_1727	2130	1	2128
sctg_1729	2128	2	2129
sctg_173	380134	12	2131
sctg_1731	2128	2	2143
sctg_1732	2117	2	2145
sctg_1733	2127	1	2147
sctg_1734	2127	1	2148
sctg_1735	2127	2	2149
sctg_1737	2125	2	2151
sctg_1738	2125	2	2153
sctg_174	375833	11	2155
sctg_1740	2120	1	2166
sctg_1741	2119	1	2167
sctg_1742	2119	2	2168
sctg_1743	2116	1	2170
sctg_1744	2115	2	2171
sctg_1745	2115	2	2173
sctg_1746	2115	1	2175
sctg_1747	2111	1	2176
sctg_1748	2114	1	2177
sctg_1749	2114	2	2178
sctg_175	373580	12	2180
sctg_1750	2114	2	2192
sctg_1751	2113	2	2194
sctg_1752	2112	2	2196
sctg_1753	2112	1	2198
sctg_1755	2109	2	2199
sctg_1756	2109	2	2201
sctg_176	377841	11	2203
sctg_1760	2107	2	2214
sctg_1762	2105	1	2216
sctg_1763	2105	1	2217
sctg_1764	2105	1	2218
sctg_1765	2104	1	2219
sctg_1766	2104	2	2220
sctg_1767	2103	2	2222
sctg_177	372647	12	2224
sctg_1773	2095	2	2236
sctg_1776	2092	2	2238
sctg_1777	2092	2	2240
sctg_1779	2086	1	2242
sctg_178	369726	12	2243
sctg_1782	2085	2	2255
sctg_1783	2082	1	2257
sctg_1784	2082	2	2258
sctg_1785	2081	2	2260
sctg_1786	2081	2	2262
sctg_1788	2078	2	2264
sctg_1789	2077	1	2266
sctg_179	375655	12	2267
sctg_1791	2077	1	2279
sctg_1792	2077	1	2280
sctg_1793	2077	2	2281
sctg_1794	2074	1	2283
sctg_1795	2073	2	2284
sctg_1798	2072	2	2286
sctg_1799	2070	1	2288
sctg_18	1118169	33	2289
sctg_180	376675	11	2322
sctg_1801	2069	2	2333
sctg_1802	1982	2	2335
sctg_1804	2068	2	2337
sctg_1805	2068	2	2339
sctg_1807	2065	1	2341
sctg_1808	2065	2	2342
sctg_181	374232	10	2344
sctg_1811	2061	1	2354
sctg_1813	2060	2	2355
sctg_1814	2013	2	2357
sctg_1815	2060	1	2359
sctg_1816	2060	2	2360
sctg_1817	2058	2	2362
sctg_1819	2056	2	2364
sctg_182	370035	11	2366
sctg_1822	2000	1	2377
sctg_1825	2050	2	2378
sctg_1828	2049	2	2380
sctg_1829	2043	2	2382
sctg_183	354741	11	2384
sctg_1830	2048	2	2395
sctg_1833	2047	2	2397
sctg_1834	2046	2	2399
sctg_1836	2046	2	2401
sctg_1838	2045	2	2403
sctg_1839	2045	2	2405
sctg_184	359996	10	2407
sctg_1840	2043	1	2417
sctg_1841	2043	2	2418
sctg_1844	2038	1	2420
sctg_1845	2038	2	2421
sctg_1846	2038	2	2423
sctg_1847	2037	2	2425
sctg_1849	2037	2	2427
sctg_185	344804	10	2429
sctg_1852	1998	2	2439
sctg_1853	2035	2	2441
sctg_1855	2032	1	2443
sctg_1857	2023	2	2444
sctg_1859	1983	1	2446
sctg_186	353682	11	2447
sctg_1862	2027	2	2458
sctg_1863	2027	1	2460
sctg_1865	2026	1	2461
sctg_1866	2026	2	2462
sctg_1868	1977	1	2464
sctg_1869	2023	2	2465
sctg_187	344499	11	2467
sctg_1870	2023	1	2478
sctg_1872	2021	2	2479
sctg_1873	2021	2	2481
sctg_1875	2019	2	2483
sctg_1877	1989	2	2485
sctg_1878	2015	2	2487
sctg_188	350457	11	2489
sctg_1880	2015	2	2500
sctg_1882	2012	1	2502
sctg_1883	2012	1	2503
sctg_1884	2012	2	2504
sctg_1887	2006	2	2506
sctg_1888	2009	2	2508
sctg_1889	2008	2	2510
sctg_189	344306	10	2512
sctg_1892	1990	2	2522
sctg_1893	2006	2	2524
sctg_1894	2006	2	2526
sctg_1895	2006	2	2528
sctg_1896	2004	2	2530
sctg_1897	2004	2	2532
sctg_1898	2004	1	2534
sctg_1899	2002	2	2535
sctg_19	1100642	34	2537
sctg_190	339332	10	2571
sctg_191	333838	10	2581
sctg_192	347550	10	2591
sctg_193	329506	10	2601
sctg_194	318036	10	2611
sctg_195	318013	10	2621
sctg_196	324936	10	2631
sctg_197	321740	9	2641
sctg_198	317353	9	2650
sctg_199	313144	10	2659
sctg_2	1894020	58	2669
sctg_20	1086620	32	2727
sctg_200	306974	10	2759
sctg_201	315962	9	2769
sctg_202	313492	9	2778
sctg_203	309679	9	2787
sctg_204	311697	8	2796
sctg_205	299241	10	2804
sctg_206	296281	8	2814
sctg_207	293188	10	2822
sctg_208	290706	10	2832
sctg_209	288938	9	2842
sctg_21	1084609	32	2851
sctg_210	295138	9	2883
sctg_211	289290	8	2892
sctg_212	284288	8	2900
sctg_213	286842	10	2908
sctg_214	283720	9	2918
sctg_215	283174	9	2927
sctg_216	287285	9	2936
sctg_217	279888	8	2945
sctg_218	281218	9	2953
sctg_219	275317	9	2962
sctg_22	1043404	31	2971
sctg_220	296629	8	3002
sctg_221	271698	8	3010
sctg_222	274379	9	3018
sctg_223	271498	10	3027
sctg_224	271925	8	3037
sctg_225	266164	7	3045
sctg_226	270970	8	3052
sctg_227	267340	8	3060
sctg_228	263496	8	3068
sctg_229	278809	8	3076
sctg_23	1033721	30	3084
sctg_230	260002	8	3114
sctg_231	265202	8	3122
sctg_232	269053	8	3130
sctg_233	253850	8	3138
sctg_234	260094	7	3146
sctg_235	257773	8	3153
sctg_236	257852	8	3161
sctg_237	253843	9	3169
sctg_238	254736	8	3178
sctg_239	251360	8	3186
sctg_24	1030715	30	3194
sctg_240	250983	8	3224
sctg_241	246932	8	3232
sctg_242	264910	8	3240
sctg_243	254885	8	3248
sctg_244	255063	7	3256
sctg_245	246901	7	3263
sctg_246	243722	8	3270
sctg_247	244737	7	3278
sctg_248	245048	7	3285
sctg_249	238189	7	3292
sctg_25	1018262	31	3299
sctg_250	252255	8	3330
sctg_251	237700	7	3338
sctg_252	239230	7	3345
sctg_253	238820	7	3352
sctg_254	246086	7	3359
sctg_255	236583	7	3366
sctg_256	237353	7	3373
sctg_257	236592	7	3380
sctg_258	233412	7	3387
sctg_259	230794	8	3394
sctg_26	1015445	29	3402
sctg_260	226858	7	3431
sctg_261	227613	8	3438
sctg_262	228969	7	3446
sctg_263	229230	8	3453
sctg_264	224290	7	3461
sctg_265	230204	7	3468
sctg_266	223137	7	3475
sctg_267	220567	6	3482
sctg_268	226056	7	3488
sctg_269	219649	7	3495
sctg_27	983517	30	3502
sctg_270	221125	7	3532
sctg_271	220629	7	3539
sctg_272	221799	7	3546
sctg_273	215636	7	3553
sctg_274	219812	7	3560
sctg_275	213446	7	3567
sctg_276	216022	7	3574
sctg_277	211243	6	3581
sctg_278	213452	7	3587
sctg_279	209511	7	3594
sctg_28	957396	29	3601
sctg_280	222349	6	3630
sctg_281	214151	7	3636
sctg_282	209721	6	3643
sctg_283	212758	6	3649
sctg_284	191240	6	3655
sctg_285	207741	6	3661
sctg_286	205588	6	3667
sctg_287	206680	7	3673
sctg_288	202158	6	3680
sctg_289	206437	7	3686
sctg_29	944381	30	3693
sctg_290	203236	6	3723
sctg_291	198910	7	3729
sctg_292	197458	6	3736
sctg_293	214083	6	3742
sctg_294	202284	6	3748
sctg_295	196872	6	3754
sctg_296	201648	7	3760
sctg_297	202386	6	3767
sctg_298	200421	7	3773
sctg_299	197968	6	3780
sctg_3	1695640	51	3786
sctg_30	954774	28	3837
sctg_300	204599	6	3865
sctg_301	199622	6	3871
sctg_302	197211	7	3877
sctg_303	202570	6	3884
sctg_304	201323	6	3890
sctg_305	195227	6	3896
sctg_306	194053	6	3902
sctg_307	191954	6	3908
sctg_308	193319	6	3914
sctg_309	191145	6	3920
sctg_31	955132	28	3926
sctg_310	192807	6	3954
sctg_311	196843	6	3960
sctg_312	193179	6	3966
sctg_313	193636	5	3972
sctg_314	196677	6	3977
sctg_315	193907	6	3983
sctg_316	189194	6	3989
sctg_317	186260	6	3995
sctg_318	185416	6	4001
sctg_319	189723	6	4007
sctg_32	952789	28	4013
sctg_320	191996	6	4041
sctg_321	201193	5	4047
sctg_322	183041	6	4052
sctg_323	187855	6	4058
sctg_324	186812	7	4064
sctg_325	185270	6	4071
sctg_326	182276	6	4077
sctg_327	190945	6	4083
sctg_328	182243	6	4089
sctg_329	180184	5	4095
sctg_33	929110	26	4100
sctg_330	182173	5	4126
sctg_331	185965	5	4131
sctg_332	179690	6	4136
sctg_333	177276	6	4142
sctg_334	176980	6	4148
sctg_335	173615	5	4154
sctg_336	182521	6	4159
sctg_337	173380	6	4165
sctg_338	186656	5	4171
sctg_339	174390	5	4176
sctg_34	907134	28	4181
sctg_340	180186	5	4209
sctg_341	174808	6	4214
sctg_342	187010	5	4220
sctg_343	174410	6	4225
sctg_344	168673	6	4231
sctg_345	186330	5	4237
sctg_346	177238	5	4242
sctg_347	166548	6	4247
sctg_348	173412	6	4253
sctg_349	191559	5	4259
sctg_35	899547	28	4264
sctg_350	171387	6	4292
sctg_351	179708	5	4298
sctg_352	161801	5	4303
sctg_353	176139	5	4308
sctg_354	177908	5	4313
sctg_355	167448	5	4318
sctg_356	171946	5	4323
sctg_357	166872	5	4328
sctg_358	162236	5	4333
sctg_359	162983	6	4338
sctg_36	912087	26	4344
sctg_360	159802	5	4370
sctg_361	161346	5	4375
sctg_362	160844	5	4380
sctg_363	159186	5	4385
sctg_364	168671	4	4390
sctg_365	161410	5	4394
sctg_366	159075	5	4399
sctg_367	159297	5	4404
sctg_368	155157	5	4409
sctg_369	153782	6	4414
sctg_37	908089	26	4420
sctg_370	156160	5	4446
sctg_371	156054	5	4451
sctg_372	157547	5	4456
sctg_373	150307	5	4461
sctg_374	153132	5	4466
sctg_375	153327	5	4471
sctg_376	155251	4	4476
sctg_377	145458	5	4480
sctg_378	150402	5	4485
sctg_379	144905	5	4490
sctg_38	904685	27	4495
sctg_380	143268	4	4522
sctg_381	144213	4	4526
sctg_382	140729	5	4530
sctg_383	145517	5	4535
sctg_384	141870	5	4540
sctg_385	143105	4	4545
sctg_386	144486	4	4549
sctg_387	140791	5	4553
sctg_388	142620	4	4558
sctg_389	141986	4	4562
sctg_39	891579	27	4566
sctg_390	141245	5	4593
sctg_391	136178	5	4598
sctg_392	135993	4	4603
sctg_393	126236	4	4607
sctg_394	131013	5	4611
sctg_395	137042	4	4616
sctg_396	129118	4	4620
sctg_398	133856	4	4624
sctg_399	130132	4	4628
sctg_4	1667773	50	4632
sctg_40	880874	27	4682
sctg_400	126492	4	4709
sctg_401	128133	4	4713
sctg_402	130599	4	4717
sctg_403	123845	4	4721
sctg_404	121052	4	4725
sctg_405	127190	4	4729
sctg_406	123651	4	4733
sctg_407	120306	4	4737
sctg_408	121197	4	4741
sctg_409	124964	4	4745
sctg_41	892610	26	4749
sctg_410	122199	4	4775
sctg_411	118254	4	4779
sctg_412	115110	4	4783
sctg_413	117111	4	4787
sctg_414	116523	4	4791
sctg_415	109603	4	4795
sctg_416	115059	4	4799
sctg_417	111451	4	4803
sctg_418	120216	4	4807
sctg_419	111904	4	4811
sctg_42	866109	26	4815
sctg_420	110665	4	4841
sctg_421	109109	3	4845
sctg_422	115125	4	4848
sctg_423	103715	4	4852
sctg_424	105883	4	4856
sctg_425	109994	4	4860
sctg_426	104510	4	4864
sctg_427	114725	3	4868
sctg_428	100991	3	4871
sctg_429	101912	4	4874
sctg_43	857596	25	4878
sctg_430	101059	3	4903
sctg_431	97116	4	4906
sctg_432	101588	3	4910
sctg_433	104593	3	4913
sctg_434	98862	3	4916
sctg_435	103980	3	4919
sctg_436	99304	3	4922
sctg_437	101602	3	4925
sctg_438	99637	3	4928
sctg_439	98750	3	4931
sctg_44	843311	24	4934
sctg_440	99883	3	4958
sctg_441	103104	3	4961
sctg_442	96744	3	4964
sctg_443	102816	3	4967
sctg_444	97518	3	4970
sctg_445	94858	4	4973
sctg_446	97693	3	4977
sctg_447	93235	3	4980
sctg_448	93912	3	4983
sctg_449	93975	3	4986
sctg_45	817014	24	4989
sctg_450	92860	3	5013
sctg_451	90810	3	5016
sctg_452	89890	3	5019
sctg_453	91069	3	5022
sctg_454	90554	3	5025
sctg_455	94836	3	5028
sctg_456	90181	3	5031
sctg_457	86411	3	5034
sctg_458	89443	3	5037
sctg_459	89364	3	5040
sctg_46	824927	24	5043
sctg_460	88216	3	5067
sctg_461	90824	3	5070
sctg_462	87688	3	5073
sctg_463	98479	4	5076
sctg_464	88158	3	5080
sctg_465	94040	3	5083
sctg_466	85583	3	5086
sctg_467	88073	3	5089
sctg_468	79423	3	5092
sctg_469	83892	3	5095
sctg_47	806785	23	5098
sctg_470	85960	3	5121
sctg_471	82910	3	5124
sctg_472	80207	3	5127
sctg_473	84021	3	5130
sctg_474	84980	3	5133
sctg_475	82771	3	5136
sctg_476	81377	3	5139
sctg_477	80965	3	5142
sctg_478	79439	3	5145
sctg_479	81343	3	5148
sctg_48	809313	23	5151
sctg_480	86757	3	5174
sctg_481	80082	3	5177
sctg_482	86188	3	5180
sctg_483	78756	3	5183
sctg_484	78648	3	5186
sctg_485	77645	3	5189
sctg_486	77004	3	5192
sctg_487	75216	3	5195
sctg_488	77912	2	5198
sctg_489	74531	3	5200
sctg_49	789073	24	5203
sctg_490	74018	3	5227
sctg_491	77015	3	5230
sctg_492	76577	3	5233
sctg_493	83472	3	5236
sctg_494	74445	3	5239
sctg_495	72752	3	5242
sctg_496	70336	3	5245
sctg_497	72037	3	5248
sctg_498	70507	3	5251
sctg_499	73115	3	5254
sctg_5	1591957	47	5257
sctg_50	778596	24	5304
sctg_500	77483	2	5328
sctg_501	71789	3	5330
sctg_502	73157	2	5333
sctg_503	71222	3	5335
sctg_504	70818	2	5338
sctg_505	69173	3	5340
sctg_506	73502	2	5343
sctg_507	69994	2	5345
sctg_508	65472	2	5347
sctg_509	66621	2	5349
sctg_51	782261	23	5351
sctg_510	66590	2	5374
sctg_511	67055	3	5376
sctg_512	67356	3	5379
sctg_513	64149	3	5382
sctg_514	64508	2	5385
sctg_515	63354	2	5387
sctg_516	63439	2	5389
sctg_517	63895	2	5391
sctg_518	65298	2	5393
sctg_519	61490	2	5395
sctg_52	776744	26	5397
sctg_520	64793	2	5423
sctg_521	63899	2	5425
sctg_522	61700	2	5427
sctg_523	59818	2	5429
sctg_524	60452	2	5431
sctg_525	57526	2	5433
sctg_526	57296	2	5435
sctg_527	59073	2	5437
sctg_528	56950	2	5439
sctg_529	58917	2	5441
sctg_53	783420	24	5443
sctg_530	57181	2	5467
sctg_531	55520	2	5469
sctg_532	55297	2	5471
sctg_533	59501	2	5473
sctg_534	71502	2	5475
sctg_535	54074	2	5477
sctg_536	55883	2	5479
sctg_537	54110	2	5481
sctg_538	51375	2	5483
sctg_539	50649	2	5485
sctg_54	777257	23	5487
sctg_540	67011	2	5510
sctg_541	55175	2	5512
sctg_542	53309	2	5514
sctg_543	47824	2	5516
sctg_544	56549	2	5518
sctg_545	54160	2	5520
sctg_546	50860	2	5522
sctg_547	49362	2	5524
sctg_548	49446	2	5526
sctg_549	50165	2	5528
sctg_55	759589	24	5530
sctg_550	48804	2	5554
sctg_551	50726	2	5556
sctg_552	51451	2	5558
sctg_553	50645	2	5560
sctg_554	49437	2	5562
sctg_555	44279	2	5564
sctg_556	51267	2	5566
sctg_557	49511	2	5568
sctg_558	48212	2	5570
sctg_559	47338	2	5572
sctg_56	771551	23	5574
sctg_560	49199	2	5597
sctg_561	50585	2	5599
sctg_562	46658	2	5601
sctg_563	49373	2	5603
sctg_564	45876	2	5605
sctg_565	44715	2	5607
sctg_566	55074	2	5609
sctg_567	47575	2	5611
sctg_568	47111	2	5613
sctg_569	43431	2	5615
sctg_57	761978	23	5617
sctg_570	44006	2	5640
sctg_571	42377	2	5642
sctg_572	43288	2	5644
sctg_573	39726	1	5646
sctg_574	42826	2	5647
sctg_575	42123	2	5649
sctg_576	42630	2	5651
sctg_577	42443	2	5653
sctg_578	36100	2	5655
sctg_579	37291	1	5657
sctg_58	751488	24	5658
sctg_580	41406	2	5682
sctg_581	45049	2	5684
sctg_582	41392	2	5686
sctg_583	42006	2	5688
sctg_584	40523	2	5690
sctg_585	47840	2	5692
sctg_586	44174	2	5694
sctg_587	40745	1	5696
sctg_588	44922	2	5697
sctg_589	42871	2	5699
sctg_59	752795	22	5701
sctg_590	41963	2	5723
sctg_591	39502	2	5725
sctg_592	38235	2	5727
sctg_593	39992	1	5729
sctg_594	38435	2	5730
sctg_595	40049	2	5732
sctg_596	41098	2	5734
sctg_597	39462	1	5736
sctg_598	37862	2	5737
sctg_599	36540	2	5739
sctg_6	1394342	43	5741
sctg_60	758589	21	5784
sctg_600	40917	2	5805
sctg_601	34915	1	5807
sctg_602	36896	2	5808
sctg_603	36133	2	5810
sctg_604	37892	2	5812
sctg_605	38255	1	5814
sctg_606	35242	2	5815
sctg_607	44825	2	5817
sctg_608	34121	2	5819
sctg_609	33107	2	5821
sctg_61	756132	23	5823
sctg_610	33916	2	5846
sctg_611	36610	2	5848
sctg_612	47957	2	5850
sctg_613	36036	1	5852
sctg_614	34673	1	5853
sctg_615	33206	1	5854
sctg_616	33828	2	5855
sctg_617	41492	2	5857
sctg_618	33961	1	5859
sctg_619	33205	1	5860
sctg_62	751372	22	5861
sctg_620	36709	1	5883
sctg_621	36150	2	5884
sctg_622	32627	1	5886
sctg_623	37677	2	5887
sctg_624	32413	2	5889
sctg_625	33413	1	5891
sctg_626	34235	1	5892
sctg_627	31036	1	5893
sctg_628	29563	1	5894
sctg_629	31021	1	5895
sctg_63	728232	23	5896
sctg_630	26866	1	5919
sctg_631	32521	1	5920
sctg_632	34329	2	5921
sctg_633	29696	2	5923
sctg_634	35317	2	5925
sctg_635	31429	2	5927
sctg_636	29798	1	5929
sctg_637	29269	1	5930
sctg_638	29080	1	5931
sctg_639	27741	1	5932
sctg_64	732705	21	5933
sctg_640	33507	1	5954
sctg_641	28511	1	5955
sctg_642	27994	1	5956
sctg_643	31120	2	5957
sctg_644	30031	2	5959
sctg_645	27819	1	5961
sctg_646	32479	1	5962
sctg_647	28900	1	5963
sctg_648	29262	1	5964
sctg_649	26208	1	5965
sctg_65	739199	21	5966
sctg_650	34665	1	5987
sctg_651	27727	1	5988
sctg_652	25953	1	5989
sctg_653	27618	1	5990
sctg_654	25538	1	5991
sctg_655	29849	2	5992
sctg_656	29080	1	5994
sctg_657	25193	1	5995
sctg_658	25909	1	5996
sctg_659	24973	2	5997
sctg_66	709477	21	5999
sctg_660	24735	2	6020
sctg_661	26115	1	6022
sctg_662	24822	1	6023
sctg_663	24417	1	6024
sctg_665	24349	1	6025
sctg_666	24168	1	6026
sctg_668	22834	2	6027
sctg_669	25307	2	6029
sctg_67	698854	21	6031
sctg_670	24510	1	6052
sctg_671	24194	2	6053
sctg_672	23419	1	6055
sctg_673	22298	2	6056
sctg_674	23827	1	6058
sctg_675	24923	1	6059
sctg_676	23159	1	6060
sctg_677	23496	1	6061
sctg_678	24946	1	6062
sctg_679	22395	1	6063
sctg_68	683462	20	6064
sctg_680	28656	1	6084
sctg_681	23470	2	6085
sctg_682	25136	2	6087
sctg_683	22472	1	6089
sctg_684	22454	1	6090
sctg_685	30220	2	6091
sctg_686	22782	1	6093
sctg_687	21944	2	6094
sctg_688	22440	1	6096
sctg_689	21498	2	6097
sctg_69	690400	21	6099
sctg_690	21458	2	6120
sctg_691	21531	2	6122
sctg_692	21097	1	6124
sctg_693	21589	2	6125
sctg_694	28569	2	6127
sctg_696	20914	1	6129
sctg_697	19391	1	6130
sctg_698	20372	2	6131
sctg_699	20378	2	6133
sctg_7	1392435	41	6135
sctg_70	691862	20	6176
sctg_700	20646	2	6196
sctg_701	21084	2	6198
sctg_702	20015	2	6200
sctg_703	20702	2	6202
sctg_704	20979	2	6204
sctg_705	19948	2	6206
sctg_706	16827	1	6208
sctg_707	20622	2	6209
sctg_708	20988	1	6211
sctg_709	19182	2	6212
sctg_71	674171	20	6214
sctg_710	23473	2	6234
sctg_711	20708	2	6236
sctg_712	17996	2	6238
sctg_713	18912	2	6240
sctg_714	19434	2	6242
sctg_715	21970	2	6244
sctg_716	18486	2	6246
sctg_717	26922	2	6248
sctg_718	22991	2	6250
sctg_719	18081	2	6252
sctg_72	692038	19	6254
sctg_720	19832	2	6273
sctg_721	17968	2	6275
sctg_722	17946	2	6277
sctg_723	24417	1	6279
sctg_724	17862	2	6280
sctg_725	17874	2	6282
sctg_726	22931	1	6284
sctg_727	24197	2	6285
sctg_728	15535	1	6287
sctg_729	17795	2	6288
sctg_73	658169	21	6290
sctg_731	17172	2	6311
sctg_732	17025	2	6313
sctg_733	17008	2	6315
sctg_734	20819	2	6317
sctg_735	16729	2	6319
sctg_736	17393	2	6321
sctg_737	16493	2	6323
sctg_738	16558	2	6325
sctg_739	16312	2	6327
sctg_74	658846	20	6329
sctg_740	16411	2	6349
sctg_741	16264	2	6351
sctg_742	16208	2	6353
sctg_743	15244	2	6355
sctg_744	16098	2	6357
sctg_745	16778	2	6359
sctg_746	17776	2	6361
sctg_747	15166	2	6363
sctg_748	16644	2	6365
sctg_749	15657	1	6367
sctg_75	656041	20	6368
sctg_750	15596	2	6388
sctg_751	15430	2	6390
sctg_752	17124	2	6392
sctg_753	15301	2	6394
sctg_754	17496	2	6396
sctg_755	21490	1	6398
sctg_756	15532	2	6399
sctg_757	14994	2	6401
sctg_758	14831	2	6403
sctg_759	26740	2	6405
sctg_76	665784	19	6407
sctg_760	22148	2	6426
sctg_761	14517	2	6428
sctg_762	15629	2	6430
sctg_763	14362	2	6432
sctg_764	24314	2	6434
sctg_765	14857	2	6436
sctg_766	14312	2	6438
sctg_767	15630	2	6440
sctg_768	19801	1	6442
sctg_769	14128	2	6443
sctg_77	652918	20	6445
sctg_770	14784	1	6465
sctg_771	15120	2	6466
sctg_772	14011	2	6468
sctg_773	13991	2	6470
sctg_774	21203	2	6472
sctg_775	15067	2	6474
sctg_776	15091	2	6476
sctg_777	15241	2	6478
sctg_778	13507	2	6480
sctg_779	13519	2	6482
sctg_78	631341	19	6484
sctg_780	13452	2	6503
sctg_781	13420	2	6505
sctg_782	13291	2	6507
sctg_783	13178	2	6509
sctg_784	13139	2	6511
sctg_785	13010	2	6513
sctg_786	14979	1	6515
sctg_787	14469	2	6516
sctg_788	12931	2	6518
sctg_789	12675	2	6520
sctg_79	621788	19	6522
sctg_790	17048	1	6541
sctg_791	12410	1	6542
sctg_792	12581	2	6543
sctg_794	12451	1	6545
sctg_795	12324	2	6546
sctg_796	12207	1	6548
sctg_797	12205	2	6549
sctg_798	12171	1	6551
sctg_799	12048	1	6552
sctg_8	1290822	40	6553
sctg_80	620644	18	6593
sctg_800	12729	1	6611
sctg_801	12003	2	6612
sctg_802	11767	1	6614
sctg_803	11724	2	6615
sctg_804	11820	2	6617
sctg_805	17970	2	6619
sctg_806	12602	2	6621
sctg_807	11535	2	6623
sctg_808	11352	2	6625
sctg_809	11279	2	6627
sctg_81	626741	18	6629
sctg_812	11142	2	6647
sctg_813	11516	1	6649
sctg_814	10470	1	6650
sctg_815	12823	2	6651
sctg_816	11053	1	6653
sctg_817	11622	1	6654
sctg_818	10904	1	6655
sctg_819	10795	1	6656
sctg_82	604434	19	6657
sctg_820	10757	1	6676
sctg_821	18537	2	6677
sctg_823	11307	2	6679
sctg_825	10694	1	6681
sctg_826	14728	2	6682
sctg_828	14071	1	6684
sctg_829	16835	2	6685
sctg_83	599927	19	6687
sctg_830	12259	2	6706
sctg_831	12198	1	6708
sctg_832	10345	1	6709
sctg_833	14785	1	6710
sctg_834	10078	2	6711
sctg_835	10033	1	6713
sctg_836	10020	1	6714
sctg_837	9944	2	6715
sctg_838	9880	2	6717
sctg_839	11064	1	6719
sctg_84	599728	18	6720
sctg_840	10083	1	6738
sctg_841	9786	2	6739
sctg_842	9786	1	6741
sctg_843	9914	2	6742
sctg_844	10323	2	6744
sctg_845	9610	1	6746
sctg_846	9531	2	6747
sctg_847	14396	2	6749
sctg_848	11953	2	6751
sctg_849	9333	2	6753
sctg_85	597816	19	6755
sctg_850	9322	1	6774
sctg_851	11127	1	6775
sctg_852	9269	1	6776
sctg_854	11117	2	6777
sctg_855	9247	1	6779
sctg_856	9267	2	6780
sctg_857	9249	1	6782
sctg_858	9240	1	6783
sctg_859	9240	2	6784
sctg_86	590616	17	6786
sctg_860	9233	1	6803
sctg_861	9215	1	6804
sctg_862	9213	1	6805
sctg_863	9207	2	6806
sctg_864	9204	1	6808
sctg_865	9203	1	6809
sctg_866	9201	1	6810
sctg_867	9199	1	6811
sctg_868	9194	1	6812
sctg_869	9192	1	6813
sctg_87	577442	18	6814
sctg_871	9179	2	6832
sctg_872	9168	1	6834
sctg_873	9168	1	6835
sctg_874	9120	1	6836
sctg_875	9161	1	6837
sctg_876	9161	1	6838
sctg_877	9156	1	6839
sctg_878	9155	1	6840
sctg_879	9155	1	6841
sctg_88	574566	17	6842
sctg_880	9152	2	6859
sctg_881	9152	1	6861
sctg_882	9151	2	6862
sctg_883	9148	1	6864
sctg_884	9143	1	6865
sctg_885	9129	1	6866
sctg_887	9125	1	6867
sctg_888	9125	1	6868
sctg_889	9122	2	6869
sctg_89	572144	18	6871
sctg_890	9121	2	6889
sctg_891	9116	2	6891
sctg_892	9116	1	6893
sctg_894	9091	1	6894
sctg_895	9054	2	6895
sctg_896	9083	1	6897
sctg_897	9067	1	6898
sctg_898	9063	2	6899
sctg_899	9061	1	6901
sctg_9	1293259	41	6902
sctg_90	565590	18	6943
sctg_900	9054	1	6961
sctg_901	9038	1	6962
sctg_902	7149	1	6963
sctg_903	8999	1	6964
sctg_904	8998	1	6965
sctg_905	8976	1	6966
sctg_906	8991	1	6967
sctg_907	8758	2	6968
sctg_908	8947	2	6970
sctg_909	8918	1	6972
sctg_91	564384	18	6973
sctg_910	8910	1	6991
sctg_911	8907	1	6992
sctg_912	12722	2	6993
sctg_913	9832	1	6995
sctg_914	8833	2	6996
sctg_915	8872	1	6998
sctg_916	8853	1	6999
sctg_917	12255	2	7000
sctg_918	8825	1	7002
sctg_919	10260	1	7003
sctg_92	558846	17	7004
sctg_920	9980	2	7021
sctg_921	11147	1	7023
sctg_922	8730	1	7024
sctg_923	8820	1	7025
sctg_924	8699	1	7026
sctg_925	8686	1	7027
sctg_926	8608	1	7028
sctg_927	8680	1	7029
sctg_928	14557	2	7030
sctg_929	8524	2	7032
sctg_93	551564	17	7034
sctg_930	8537	1	7051
sctg_931	8506	1	7052
sctg_932	8503	1	7053
sctg_933	9265	1	7054
sctg_934	8431	1	7055
sctg_935	8412	1	7056
sctg_936	8378	1	7057
sctg_938	8268	1	7058
sctg_939	8267	1	7059
sctg_94	544140	17	7060
sctg_940	8261	2	7077
sctg_941	8217	1	7079
sctg_942	8971	1	7080
sctg_943	8208	1	7081
sctg_944	8207	2	7082
sctg_945	8132	2	7084
sctg_946	8117	1	7086
sctg_947	9031	1	7087
sctg_949	7948	2	7088
sctg_95	539924	16	7090
sctg_950	7911	2	7106
sctg_951	7904	2	7108
sctg_952	9351	1	7110
sctg_953	10458	2	7111
sctg_954	14002	1	7113
sctg_955	7813	1	7114
sctg_956	11439	2	7115
sctg_958	14508	2	7117
sctg_959	15061	1	7119
sctg_96	553561	17	7120
sctg_960	8402	1	7137
sctg_961	7645	2	7138
sctg_962	7644	2	7140
sctg_963	7643	2	7142
sctg_964	9185	2	7144
sctg_965	7558	2	7146
sctg_966	8364	2	7148
sctg_967	7523	1	7150
sctg_968	7492	2	7151
sctg_969	7488	1	7153
sctg_97	551975	16	7154
sctg_970	7480	1	7170
sctg_971	7069	2	7171
sctg_972	7550	2	7173
sctg_973	7526	2	7175
sctg_975	7488	2	7177
sctg_976	7380	2	7179
sctg_977	7654	1	7181
sctg_978	11326	1	7182
sctg_979	7315	1	7183
sctg_98	527895	15	7184
sctg_980	7282	1	7199
sctg_981	7501	2	7200
sctg_982	12360	2	7202
sctg_983	7254	2	7204
sctg_984	13464	2	7206
sctg_985	8100	2	7208
sctg_986	7184	1	7210
sctg_987	9975	1	7211
sctg_988	7227	2	7212
sctg_99	541954	16	7214
sctg_990	7105	2	7230
sctg_991	7070	1	7232
sctg_993	13104	2	7233
sctg_994	6914	2	7235
sctg_995	6895	1	7237
sctg_996	10734	2	7238
sctg_997	6840	2	7240
sctg_998	6818	2	7242
sctg_999	6999	1	7244
sctg_667	27246	2	7245
