current_id	super_id
1	1
2	1
3	1
4	2
5	2
6	2
7	3
8	3
9	3
10	4
11	4
12	4
13	5
14	5
15	5
16	6
17	6
18	6
19	7
20	7
21	7
22	8
23	8
24	8
25	9
26	9
27	9
28	10
29	10
30	10
31	11
32	11
33	11
34	12
35	12
36	12
37	13
38	13
39	13
40	14
41	14
42	14
43	15
44	15
45	15
46	16
47	16
48	16
49	17
50	17
51	17
52	18
53	18
54	18
55	19
56	19
57	19
58	20
59	20
60	20
61	21
62	21
63	21
64	22
65	22
66	22
67	23
68	23
69	23
70	24
71	24
72	24
73	25
74	25
75	25
76	26
77	26
78	26
79	27
80	27
81	27
82	28
83	28
84	28
85	29
86	29
87	29
88	30
89	30
90	30
91	31
92	31
93	31
94	32
95	32
96	32
97	33
98	33
99	33
100	34
101	34
102	34
103	35
104	35
105	35
106	36
107	36
108	36
109	37
110	37
111	38
112	38
113	38
114	39
115	39
116	39
117	40
118	40
119	40
120	41
121	41
122	41
123	42
124	42
125	42
126	43
127	43
128	43
129	44
130	44
131	44
132	45
133	45
134	45
135	46
136	46
137	46
138	47
139	47
140	47
141	48
142	48
143	48
144	49
145	49
146	49
147	50
148	50
149	50
150	51
151	52
152	52
153	52
154	53
155	53
156	53
157	54
158	54
159	54
160	55
161	55
162	55
163	56
164	56
165	56
166	57
167	57
168	58
169	59
170	60
171	61
172	62
173	63
174	64
175	65
176	66
177	67
178	68
179	69
180	70
181	71
182	72
183	73
184	73
185	73
186	74
187	74
188	74
189	75
190	75
191	75
192	76
193	76
194	76
195	77
196	77
197	77
198	78
199	79
200	80
201	81
202	82
203	83
204	84
205	85
206	86
207	87
208	88
209	89
210	90
211	91
212	92
213	93
214	94
215	95
216	95
217	95
218	96
219	96
220	96
221	97
222	97
223	97
224	98
225	98
226	98
227	99
228	99
229	99
230	100
231	101
232	102
233	103
234	104
235	105
236	106
237	107
238	108
239	109
240	110
241	111
242	112
243	113
244	114
245	114
246	114
247	115
248	115
249	115
250	116
251	116
252	116
253	117
254	117
255	117
256	118
257	118
258	118
259	119
260	120
261	121
262	122
263	123
264	124
265	125
266	126
267	127
268	128
269	129
270	130
271	131
272	132
273	133
274	134
275	134
276	134
277	135
278	135
279	135
280	136
281	136
282	136
283	137
284	137
285	137
286	138
287	138
288	138
289	139
290	140
291	141
292	142
293	143
294	144
295	145
296	146
297	147
298	148
299	149
300	150
301	151
302	152
303	153
304	154
305	155
306	156
307	157
308	157
309	157
310	158
311	158
312	158
313	159
314	159
315	159
316	160
317	160
318	160
319	161
320	161
321	161
322	162
323	163
324	164
325	165
326	166
327	167
328	168
329	169
330	170
331	171
332	172
333	173
334	174
335	174
336	174
337	175
338	175
339	175
340	176
341	176
342	176
343	177
344	177
345	177
346	178
347	178
348	178
349	179
350	180
351	181
352	182
353	183
354	184
355	185
356	186
357	187
358	188
359	189
360	190
361	191
362	192
363	193
364	194
365	195
366	195
367	195
368	196
369	196
370	196
371	197
372	197
373	197
374	198
375	198
376	198
377	199
378	199
379	199
380	200
381	201
382	202
383	203
384	204
385	205
386	206
387	207
388	208
389	209
390	210
391	211
392	212
393	213
394	214
395	215
396	216
397	216
398	216
399	217
400	217
401	217
402	218
403	218
404	218
405	219
406	219
407	219
408	220
409	220
410	220
411	221
412	222
413	223
414	224
415	225
416	226
417	227
418	228
419	229
420	230
421	231
422	232
423	233
424	234
425	235
426	236
427	237
428	238
429	239
430	240
431	240
432	240
433	241
434	241
435	241
436	242
437	242
438	242
439	243
440	243
441	243
442	244
443	244
444	244
445	245
446	246
447	247
448	248
449	249
450	250
451	251
452	252
453	253
454	254
455	255
456	256
457	257
458	258
459	259
460	260
461	261
462	261
463	261
464	262
465	262
466	262
467	263
468	263
469	263
470	264
471	264
472	264
473	265
474	265
475	265
476	266
477	266
478	266
479	267
480	267
481	267
482	268
483	268
484	268
485	269
486	269
487	269
488	270
489	270
490	270
491	271
492	271
493	271
494	272
495	272
496	272
497	273
498	274
499	274
500	274
501	275
502	275
503	275
504	276
505	276
506	276
507	277
508	277
509	277
510	278
511	278
512	279
513	280
514	281
515	282
516	283
517	284
518	285
519	286
520	287
521	288
522	289
523	290
524	291
525	292
526	293
527	294
528	295
529	295
530	295
531	296
532	296
533	296
534	297
535	297
536	297
537	298
538	298
539	298
540	299
541	299
542	299
543	300
544	301
545	302
546	303
547	304
548	305
549	306
550	307
551	308
552	309
553	310
554	311
555	312
556	313
557	314
558	315
559	316
560	317
561	318
562	318
563	318
564	319
565	319
566	319
567	320
568	320
569	320
570	321
571	321
572	321
573	322
574	322
575	322
576	323
577	324
578	325
579	326
580	327
581	328
582	329
583	330
584	331
585	332
586	333
587	334
588	334
589	334
590	335
591	335
592	335
593	336
594	336
595	336
596	337
597	337
598	337
599	338
600	338
601	338
602	339
603	340
604	341
605	342
606	343
607	344
608	345
609	346
610	347
611	348
612	349
613	350
614	351
615	352
616	353
617	354
618	354
619	354
620	355
621	355
622	355
623	356
624	356
625	356
626	357
627	357
628	357
629	358
630	358
631	359
632	360
633	361
634	362
635	363
636	364
637	365
638	366
639	367
640	368
641	369
642	370
643	371
644	372
645	373
646	373
647	373
648	374
649	374
650	374
651	375
652	375
653	375
654	376
655	376
656	376
657	377
658	377
659	377
660	378
661	379
662	380
663	381
664	382
665	383
666	384
667	385
668	386
669	387
670	388
671	389
672	389
673	389
674	390
675	390
676	390
677	391
678	391
679	391
680	392
681	392
682	392
683	393
684	393
685	394
686	395
687	396
688	397
689	398
690	399
691	400
692	401
693	402
694	403
695	404
696	405
697	406
698	407
699	407
700	407
701	408
702	408
703	408
704	409
705	409
706	409
707	410
708	410
709	410
710	411
711	411
712	412
713	413
714	414
715	415
716	416
717	417
718	418
719	419
720	420
721	421
722	421
723	421
724	422
725	422
726	422
727	423
728	423
729	423
730	424
731	424
732	424
733	425
734	425
735	426
736	427
737	428
738	429
739	430
740	431
741	432
742	433
743	434
744	435
745	436
746	436
747	436
748	437
749	437
750	437
751	438
752	438
753	438
754	439
755	439
756	439
757	440
758	440
759	440
760	441
761	442
762	443
763	444
764	445
765	446
766	447
767	448
768	449
769	450
770	451
771	451
772	451
773	452
774	452
775	452
776	453
777	453
778	453
779	454
780	454
781	454
782	455
783	455
784	455
785	456
786	456
787	456
788	457
789	457
790	457
791	458
792	458
793	458
794	459
795	459
796	459
797	460
798	460
799	460
800	461
801	461
802	461
803	462
804	462
805	462
806	463
807	463
808	463
809	464
810	464
811	464
812	465
813	465
814	465
815	466
816	466
817	466
818	467
819	467
820	467
821	468
822	469
823	470
824	471
825	472
826	473
827	474
828	475
829	476
830	477
831	477
832	477
833	478
834	478
835	478
836	479
837	479
838	479
839	480
840	480
841	480
842	481
843	481
844	482
845	483
846	484
847	485
848	486
849	487
850	487
851	487
852	488
853	488
854	488
855	489
856	489
857	489
858	490
859	490
860	490
861	491
862	491
863	492
864	493
865	493
866	493
867	494
868	494
869	494
870	495
871	495
872	495
873	496
874	496
875	496
876	497
877	497
878	497
879	498
880	499
881	500
882	501
883	502
884	503
885	504
886	505
887	505
888	505
889	506
890	506
891	506
892	507
893	507
894	507
895	508
896	508
897	508
898	509
899	509
900	510
901	511
902	512
903	513
904	514
905	515
906	516
907	516
908	516
909	517
910	517
911	517
912	518
913	518
914	518
915	519
916	519
917	519
918	520
919	520
920	520
921	521
922	522
923	523
924	524
925	525
926	526
927	527
928	528
929	529
930	530
931	531
932	532
933	532
934	532
935	533
936	533
937	533
938	534
939	534
940	534
941	535
942	535
943	535
944	536
945	536
946	537
947	538
948	539
949	540
950	541
951	541
952	541
953	542
954	542
955	542
956	543
957	543
958	543
959	544
960	544
961	544
962	545
963	545
964	545
965	546
966	547
967	548
968	549
969	550
970	551
971	552
972	553
973	554
974	555
975	556
976	557
977	557
978	557
979	558
980	558
981	558
982	559
983	559
984	559
985	560
986	560
987	560
988	561
989	561
990	562
991	563
992	564
993	565
994	566
995	567
996	568
997	569
998	570
999	571
1000	571
1001	571
1002	572
1003	572
1004	572
1005	573
1006	573
1007	573
1008	574
1009	574
1010	574
1011	575
1012	575
1013	576
1014	577
1015	578
1016	579
1017	580
1018	581
1019	582
1020	583
1021	584
1022	585
1023	586
1024	587
1025	587
1026	587
1027	588
1028	588
1029	588
1030	589
1031	589
1032	589
1033	590
1034	590
1035	590
1036	591
1037	591
1038	591
1039	592
1040	592
1041	592
1042	593
1043	593
1044	593
1045	594
1046	594
1047	594
1048	595
1049	595
1050	595
1051	596
1052	596
1053	596
1054	597
1055	597
1056	597
1057	598
1058	598
1059	598
1060	599
1061	599
1062	599
1063	600
1064	600
1065	600
1066	601
1067	601
1068	601
1069	602
1070	602
1071	602
1072	603
1073	603
1074	603
1075	604
1076	605
1077	606
1078	607
1079	608
1080	609
1081	610
1082	611
1083	612
1084	613
1085	613
1086	613
1087	614
1088	614
1089	614
1090	615
1091	615
1092	615
1093	616
1094	616
1095	616
1096	617
1097	618
1098	619
1099	620
1100	621
1101	622
1102	622
1103	622
1104	623
1105	623
1106	623
1107	624
1108	624
1109	624
1110	625
1111	625
1112	625
1113	626
1114	626
1115	626
1116	627
1117	628
1118	629
1119	630
1120	631
1121	631
1122	631
1123	632
1124	632
1125	632
1126	633
1127	633
1128	633
1129	634
1130	634
1131	634
1132	635
1133	635
1134	636
1135	637
1136	638
1137	639
1138	640
1139	641
1140	642
1141	643
1142	644
1143	645
1144	646
1145	647
1146	648
1147	649
1148	650
1149	650
1150	650
1151	651
1152	651
1153	651
1154	652
1155	652
1156	652
1157	653
1158	653
1159	653
1160	654
1161	654
1162	654
1163	655
1164	656
1165	657
1166	658
1167	659
1168	660
1169	661
1170	662
1171	663
1172	664
1173	664
1174	664
1175	665
1176	665
1177	665
1178	666
1179	666
1180	666
1181	667
1182	667
1183	667
1184	668
1185	668
1186	669
1187	670
1188	671
1189	672
1190	673
1191	674
1192	674
1193	674
1194	675
1195	675
1196	675
1197	676
1198	676
1199	676
1200	677
1201	677
1202	677
1203	678
1204	678
1205	679
1206	680
1207	681
1208	682
1209	683
1210	684
1211	685
1212	686
1213	687
1214	688
1215	689
1216	690
1217	691
1218	691
1219	691
1220	692
1221	692
1222	692
1223	693
1224	693
1225	693
1226	694
1227	694
1228	694
1229	695
1230	696
1231	697
1232	698
1233	699
1234	700
1235	701
1236	701
1237	701
1238	702
1239	702
1240	702
1241	703
1242	703
1243	703
1244	704
1245	704
1246	704
1247	705
1248	706
1249	707
1250	708
1251	709
1252	710
1253	711
1254	712
1255	713
1256	713
1257	713
1258	714
1259	714
1260	714
1261	715
1262	715
1263	715
1264	716
1265	716
1266	716
1267	717
1268	718
1269	719
1270	720
1271	721
1272	722
1273	723
1274	724
1275	725
1276	726
1277	727
1278	728
1279	729
1280	729
1281	729
1282	730
1283	730
1284	730
1285	731
1286	731
1287	731
1288	732
1289	732
1290	732
1291	733
1292	733
1293	733
1294	734
1295	734
1296	734
1297	735
1298	735
1299	735
1300	736
1301	736
1302	736
1303	737
1304	737
1305	737
1306	738
1307	738
1308	738
1309	739
1310	739
1311	739
1312	740
1313	740
1314	740
1315	741
1316	741
1317	741
1318	742
1319	742
1320	742
1321	743
1322	743
1323	743
1324	744
1325	744
1326	744
1327	745
1328	745
1329	745
1330	746
1331	747
1332	748
1333	749
1334	750
1335	751
1336	751
1337	751
1338	752
1339	752
1340	752
1341	753
1342	753
1343	753
1344	754
1345	754
1346	754
1347	755
1348	755
1349	756
1350	757
1351	758
1352	759
1353	760
1354	761
1355	762
1356	763
1357	763
1358	763
1359	764
1360	764
1361	764
1362	765
1363	765
1364	765
1365	766
1366	766
1367	766
1368	767
1369	768
1370	769
1371	770
1372	771
1373	772
1374	773
1375	774
1376	775
1377	776
1378	777
1379	778
1380	778
1381	778
1382	779
1383	779
1384	779
1385	780
1386	780
1387	780
1388	781
1389	781
1390	781
1391	782
1392	782
1393	783
1394	784
1395	785
1396	786
1397	787
1398	788
1399	789
1400	790
1401	791
1402	791
1403	791
1404	792
1405	792
1406	792
1407	793
1408	793
1409	793
1410	794
1411	794
1412	794
1413	795
1414	796
1415	797
1416	798
1417	799
1418	800
1419	801
1420	802
1421	803
1422	804
1423	804
1424	804
1425	805
1426	805
1427	805
1428	806
1429	806
1430	806
1431	807
1432	807
1433	807
1434	808
1435	809
1436	810
1437	811
1438	812
1439	813
1440	814
1441	815
1442	815
1443	815
1444	816
1445	816
1446	816
1447	817
1448	817
1449	817
1450	818
1451	818
1452	818
1453	819
1454	819
1455	820
1456	821
1457	822
1458	823
1459	824
1460	825
1461	826
1462	827
1463	828
1464	829
1465	830
1466	831
1467	832
1468	832
1469	832
1470	833
1471	833
1472	833
1473	834
1474	834
1475	834
1476	835
1477	835
1478	835
1479	836
1480	837
1481	838
1482	839
1483	840
1484	841
1485	842
1486	843
1487	844
1488	845
1489	846
1490	847
1491	847
1492	847
1493	848
1494	848
1495	848
1496	849
1497	849
1498	849
1499	850
1500	850
1501	850
1502	851
1503	852
1504	853
1505	854
1506	855
1507	856
1508	857
1509	858
1510	859
1511	860
1512	860
1513	860
1514	861
1515	861
1516	861
1517	862
1518	862
1519	862
1520	863
1521	863
1522	863
1523	864
1524	865
1525	866
1526	867
1527	868
1528	869
1529	870
1530	871
1531	872
1532	873
1533	874
1534	875
1535	876
1536	876
1537	876
1538	877
1539	877
1540	877
1541	878
1542	878
1543	878
1544	879
1545	879
1546	879
1547	880
1548	880
1549	880
1550	881
1551	881
1552	881
1553	882
1554	882
1555	882
1556	883
1557	883
1558	883
1559	884
1560	884
1561	884
1562	885
1563	885
1564	885
1565	886
1566	886
1567	886
1568	887
1569	887
1570	887
1571	888
1572	888
1573	888
1574	889
1575	889
1576	889
1577	890
1578	890
1579	890
1580	891
1581	892
1582	893
1583	894
1584	895
1585	896
1586	896
1587	896
1588	897
1589	897
1590	897
1591	898
1592	898
1593	898
1594	899
1595	899
1596	899
1597	900
1598	901
1599	902
1600	903
1601	904
1602	905
1603	906
1604	907
1605	908
1606	909
1607	909
1608	909
1609	910
1610	910
1611	910
1612	911
1613	911
1614	911
1615	912
1616	912
1617	912
1618	913
1619	914
1620	915
1621	916
1622	917
1623	918
1624	919
1625	919
1626	919
1627	920
1628	920
1629	920
1630	921
1631	921
1632	921
1633	922
1634	922
1635	922
1636	923
1637	924
1638	925
1639	926
1640	927
1641	928
1642	929
1643	930
1644	931
1645	932
1646	933
1647	934
1648	934
1649	934
1650	935
1651	935
1652	935
1653	936
1654	936
1655	936
1656	937
1657	937
1658	937
1659	938
1660	939
1661	940
1662	941
1663	942
1664	943
1665	944
1666	945
1667	946
1668	947
1669	948
1670	949
1671	950
1672	950
1673	950
1674	951
1675	951
1676	951
1677	952
1678	952
1679	952
1680	953
1681	953
1682	953
1683	954
1684	955
1685	956
1686	957
1687	958
1688	959
1689	960
1690	961
1691	962
1692	963
1693	964
1694	964
1695	964
1696	965
1697	965
1698	965
1699	966
1700	966
1701	966
1702	967
1703	967
1704	967
1705	968
1706	969
1707	970
1708	971
1709	972
1710	973
1711	974
1712	975
1713	976
1714	977
1715	978
1716	979
1717	980
1718	981
1719	982
1720	982
1721	982
1722	983
1723	983
1724	983
1725	984
1726	984
1727	984
1728	985
1729	985
1730	985
1731	986
1732	987
1733	988
1734	989
1735	990
1736	991
1737	992
1738	993
1739	994
1740	995
1741	996
1742	997
1743	998
1744	998
1745	998
1746	999
1747	999
1748	999
1749	1000
1750	1000
1751	1000
1752	1001
1753	1001
1754	1001
1755	1002
1756	1003
1757	1004
1758	1005
1759	1006
1760	1007
1761	1008
1762	1008
1763	1008
1764	1009
1765	1009
1766	1009
1767	1010
1768	1010
1769	1010
1770	1011
1771	1011
1772	1011
1773	1012
1774	1013
1775	1014
1776	1015
1777	1016
1778	1017
1779	1018
1780	1019
1781	1020
1782	1021
1783	1022
1784	1022
1785	1022
1786	1023
1787	1023
1788	1023
1789	1024
1790	1024
1791	1024
1792	1025
1793	1025
1794	1025
1795	1026
1796	1026
1797	1026
1798	1027
1799	1027
1800	1027
1801	1028
1802	1028
1803	1028
1804	1029
1805	1029
1806	1029
1807	1030
1808	1030
1809	1030
1810	1031
1811	1031
1812	1031
1813	1032
1814	1032
1815	1032
1816	1033
1817	1033
1818	1034
1819	1034
1820	1034
1821	1035
1822	1035
1823	1035
1824	1036
1825	1036
1826	1036
1827	1037
1828	1037
1829	1037
1830	1038
1831	1039
1832	1040
1833	1041
1834	1042
1835	1043
1836	1044
1837	1045
1838	1046
1839	1047
1840	1047
1841	1047
1842	1048
1843	1048
1844	1048
1845	1049
1846	1049
1847	1049
1848	1050
1849	1050
1850	1050
1851	1051
1852	1052
1853	1053
1854	1054
1855	1055
1856	1056
1857	1057
1858	1058
1859	1059
1860	1060
1861	1061
1862	1061
1863	1061
1864	1062
1865	1062
1866	1062
1867	1063
1868	1063
1869	1063
1870	1064
1871	1064
1872	1064
1873	1065
1874	1066
1875	1067
1876	1068
1877	1069
1878	1070
1879	1071
1880	1072
1881	1073
1882	1073
1883	1073
1884	1074
1885	1074
1886	1074
1887	1075
1888	1075
1889	1075
1890	1076
1891	1076
1892	1076
1893	1077
1894	1078
1895	1079
1896	1080
1897	1081
1898	1082
1899	1083
1900	1084
1901	1085
1902	1086
1903	1087
1904	1088
1905	1089
1906	1089
1907	1089
1908	1090
1909	1090
1910	1090
1911	1091
1912	1091
1913	1091
1914	1092
1915	1092
1916	1092
1917	1093
1918	1094
1919	1095
1920	1096
1921	1097
1922	1098
1923	1099
1924	1100
1925	1101
1926	1102
1927	1103
1928	1104
1929	1104
1930	1104
1931	1105
1932	1105
1933	1105
1934	1106
1935	1106
1936	1106
1937	1107
1938	1107
1939	1107
1940	1108
1941	1109
1942	1110
1943	1111
1944	1112
1945	1113
1946	1114
1947	1115
1948	1116
1949	1117
1950	1117
1951	1117
1952	1118
1953	1118
1954	1118
1955	1119
1956	1119
1957	1119
1958	1120
1959	1120
1960	1121
1961	1122
1962	1123
1963	1124
1964	1125
1965	1126
1966	1127
1967	1128
1968	1129
1969	1130
1970	1131
1971	1132
1972	1133
1973	1134
1974	1134
1975	1134
1976	1135
1977	1135
1978	1135
1979	1136
1980	1136
1981	1136
1982	1137
1983	1137
1984	1137
1985	1138
1986	1139
1987	1140
1988	1141
1989	1142
1990	1143
1991	1144
1992	1145
1993	1146
1994	1146
1995	1146
1996	1147
1997	1147
1998	1147
1999	1148
2000	1148
2001	1148
2002	1149
2003	1149
2004	1149
2005	1150
2006	1151
2007	1152
2008	1153
2009	1154
2010	1155
2011	1156
2012	1157
2013	1158
2014	1159
2015	1160
2016	1161
2017	1161
2018	1161
2019	1162
2020	1162
2021	1162
2022	1163
2023	1163
2024	1163
2025	1164
2026	1164
2027	1164
2028	1165
2029	1166
2030	1167
2031	1168
2032	1169
2033	1170
2034	1171
2035	1171
2036	1171
2037	1172
2038	1172
2039	1172
2040	1173
2041	1173
2042	1173
2043	1174
2044	1174
2045	1174
2046	1175
2047	1175
2048	1175
2049	1176
2050	1176
2051	1176
2052	1177
2053	1177
2054	1177
2055	1178
2056	1178
2057	1178
2058	1179
2059	1179
2060	1179
2061	1180
2062	1180
2063	1180
2064	1181
2065	1181
2066	1181
2067	1182
2068	1183
2069	1183
2070	1183
2071	1184
2072	1184
2073	1184
2074	1185
2075	1185
2076	1185
2077	1186
2078	1186
2079	1187
2080	1188
2081	1189
2082	1190
2083	1191
2084	1192
2085	1193
2086	1194
2087	1195
2088	1196
2089	1197
2090	1198
2091	1199
2092	1199
2093	1199
2094	1200
2095	1200
2096	1200
2097	1201
2098	1201
2099	1201
2100	1202
2101	1202
2102	1202
2103	1203
2104	1204
2105	1205
2106	1206
2107	1207
2108	1208
2109	1209
2110	1210
2111	1211
2112	1212
2113	1212
2114	1212
2115	1213
2116	1213
2117	1213
2118	1214
2119	1214
2120	1214
2121	1215
2122	1215
2123	1215
2124	1216
2125	1217
2126	1218
2127	1219
2128	1220
2129	1221
2130	1222
2131	1223
2132	1224
2133	1224
2134	1224
2135	1225
2136	1225
2137	1225
2138	1226
2139	1226
2140	1226
2141	1227
2142	1227
2143	1227
2144	1228
2145	1229
2146	1230
2147	1231
2148	1232
2149	1233
2150	1234
2151	1235
2152	1236
2153	1237
2154	1238
2155	1239
2156	1240
2157	1240
2158	1240
2159	1241
2160	1241
2161	1241
2162	1242
2163	1242
2164	1242
2165	1243
2166	1243
2167	1244
2168	1245
2169	1246
2170	1247
2171	1248
2172	1249
2173	1250
2174	1251
2175	1252
2176	1253
2177	1254
2178	1255
2179	1256
2180	1257
2181	1258
2182	1258
2183	1258
2184	1259
2185	1259
2186	1259
2187	1260
2188	1260
2189	1260
2190	1261
2191	1261
2192	1261
2193	1262
2194	1263
2195	1264
2196	1265
2197	1266
2198	1267
2199	1268
2200	1269
2201	1270
2202	1271
2203	1272
2204	1273
2205	1273
2206	1273
2207	1274
2208	1274
2209	1274
2210	1275
2211	1275
2212	1275
2213	1276
2214	1276
2215	1277
2216	1278
2217	1279
2218	1280
2219	1281
2220	1282
2221	1283
2222	1284
2223	1285
2224	1286
2225	1287
2226	1287
2227	1287
2228	1288
2229	1288
2230	1288
2231	1289
2232	1289
2233	1289
2234	1290
2235	1290
2236	1290
2237	1291
2238	1292
2239	1293
2240	1294
2241	1295
2242	1296
2243	1297
2244	1298
2245	1298
2246	1298
2247	1299
2248	1299
2249	1299
2250	1300
2251	1300
2252	1300
2253	1301
2254	1301
2255	1301
2256	1302
2257	1303
2258	1304
2259	1305
2260	1306
2261	1307
2262	1308
2263	1309
2264	1310
2265	1311
2266	1312
2267	1313
2268	1314
2269	1314
2270	1314
2271	1315
2272	1315
2273	1315
2274	1316
2275	1316
2276	1316
2277	1317
2278	1317
2279	1317
2280	1318
2281	1319
2282	1320
2283	1321
2284	1322
2285	1323
2286	1324
2287	1325
2288	1326
2289	1327
2290	1328
2291	1328
2292	1328
2293	1329
2294	1329
2295	1329
2296	1330
2297	1330
2298	1330
2299	1331
2300	1331
2301	1331
2302	1332
2303	1332
2304	1332
2305	1333
2306	1333
2307	1333
2308	1334
2309	1334
2310	1334
2311	1335
2312	1335
2313	1335
2314	1336
2315	1336
2316	1336
2317	1337
2318	1337
2319	1337
2320	1338
2321	1338
2322	1338
2323	1339
2324	1339
2325	1339
2326	1340
2327	1340
2328	1340
2329	1341
2330	1341
2331	1341
2332	1342
2333	1342
2334	1343
2335	1344
2336	1345
2337	1346
2338	1347
2339	1348
2340	1349
2341	1350
2342	1351
2343	1352
2344	1353
2345	1354
2346	1354
2347	1354
2348	1355
2349	1355
2350	1355
2351	1356
2352	1356
2353	1356
2354	1357
2355	1358
2356	1359
2357	1360
2358	1361
2359	1362
2360	1363
2361	1364
2362	1365
2363	1366
2364	1367
2365	1368
2366	1369
2367	1370
2368	1370
2369	1370
2370	1371
2371	1371
2372	1371
2373	1372
2374	1372
2375	1372
2376	1373
2377	1373
2378	1374
2379	1375
2380	1376
2381	1377
2382	1378
2383	1379
2384	1380
2385	1381
2386	1381
2387	1381
2388	1382
2389	1382
2390	1382
2391	1383
2392	1383
2393	1383
2394	1384
2395	1384
2396	1385
2397	1386
2398	1387
2399	1388
2400	1389
2401	1390
2402	1391
2403	1392
2404	1393
2405	1394
2406	1395
2407	1396
2408	1397
2409	1397
2410	1397
2411	1398
2412	1398
2413	1398
2414	1399
2415	1399
2416	1399
2417	1400
2418	1401
2419	1402
2420	1403
2421	1404
2422	1405
2423	1406
2424	1407
2425	1408
2426	1409
2427	1410
2428	1411
2429	1412
2430	1413
2431	1413
2432	1413
2433	1414
2434	1414
2435	1414
2436	1415
2437	1415
2438	1415
2439	1416
2440	1417
2441	1418
2442	1419
2443	1420
2444	1421
2445	1422
2446	1423
2447	1424
2448	1425
2449	1425
2450	1425
2451	1426
2452	1426
2453	1426
2454	1427
2455	1427
2456	1427
2457	1428
2458	1428
2459	1429
2460	1430
2461	1431
2462	1432
2463	1433
2464	1434
2465	1435
2466	1436
2467	1437
2468	1438
2469	1438
2470	1438
2471	1439
2472	1439
2473	1439
2474	1440
2475	1440
2476	1440
2477	1441
2478	1441
2479	1442
2480	1443
2481	1444
2482	1445
2483	1446
2484	1447
2485	1448
2486	1449
2487	1450
2488	1451
2489	1452
2490	1453
2491	1453
2492	1453
2493	1454
2494	1454
2495	1454
2496	1455
2497	1455
2498	1455
2499	1456
2500	1456
2501	1457
2502	1458
2503	1459
2504	1460
2505	1461
2506	1462
2507	1463
2508	1464
2509	1465
2510	1466
2511	1467
2512	1468
2513	1469
2514	1469
2515	1469
2516	1470
2517	1470
2518	1470
2519	1471
2520	1471
2521	1471
2522	1472
2523	1473
2524	1474
2525	1475
2526	1476
2527	1477
2528	1478
2529	1479
2530	1480
2531	1481
2532	1482
2533	1483
2534	1484
2535	1485
2536	1486
2537	1487
2538	1488
2539	1488
2540	1488
2541	1489
2542	1489
2543	1489
2544	1490
2545	1490
2546	1490
2547	1491
2548	1491
2549	1491
2550	1492
2551	1492
2552	1492
2553	1493
2554	1493
2555	1493
2556	1494
2557	1494
2558	1494
2559	1495
2560	1495
2561	1495
2562	1496
2563	1496
2564	1496
2565	1497
2566	1497
2567	1497
2568	1498
2569	1498
2570	1498
2571	1499
2572	1500
2573	1500
2574	1500
2575	1501
2576	1501
2577	1501
2578	1502
2579	1502
2580	1502
2581	1503
2582	1504
2583	1504
2584	1504
2585	1505
2586	1505
2587	1505
2588	1506
2589	1506
2590	1506
2591	1507
2592	1508
2593	1508
2594	1508
2595	1509
2596	1509
2597	1509
2598	1510
2599	1510
2600	1510
2601	1511
2602	1512
2603	1512
2604	1512
2605	1513
2606	1513
2607	1513
2608	1514
2609	1514
2610	1514
2611	1515
2612	1516
2613	1516
2614	1516
2615	1517
2616	1517
2617	1517
2618	1518
2619	1518
2620	1518
2621	1519
2622	1520
2623	1520
2624	1520
2625	1521
2626	1521
2627	1521
2628	1522
2629	1522
2630	1522
2631	1523
2632	1524
2633	1524
2634	1524
2635	1525
2636	1525
2637	1525
2638	1526
2639	1526
2640	1526
2641	1527
2642	1528
2643	1528
2644	1528
2645	1529
2646	1529
2647	1529
2648	1530
2649	1530
2650	1530
2651	1531
2652	1531
2653	1531
2654	1532
2655	1532
2656	1532
2657	1533
2658	1533
2659	1533
2660	1534
2661	1534
2662	1534
2663	1535
2664	1535
2665	1535
2666	1536
2667	1536
2668	1536
2669	1537
2670	1538
2671	1538
2672	1538
2673	1539
2674	1539
2675	1539
2676	1540
2677	1540
2678	1540
2679	1541
2680	1541
2681	1541
2682	1542
2683	1542
2684	1542
2685	1543
2686	1543
2687	1543
2688	1544
2689	1544
2690	1544
2691	1545
2692	1545
2693	1545
2694	1546
2695	1546
2696	1546
2697	1547
2698	1547
2699	1547
2700	1548
2701	1548
2702	1548
2703	1549
2704	1549
2705	1549
2706	1550
2707	1550
2708	1550
2709	1551
2710	1551
2711	1551
2712	1552
2713	1552
2714	1552
2715	1553
2716	1553
2717	1553
2718	1554
2719	1554
2720	1554
2721	1555
2722	1555
2723	1555
2724	1556
2725	1556
2726	1556
2727	1557
2728	1558
2729	1558
2730	1558
2731	1559
2732	1559
2733	1559
2734	1560
2735	1560
2736	1560
2737	1561
2738	1561
2739	1561
2740	1562
2741	1562
2742	1562
2743	1563
2744	1563
2745	1563
2746	1564
2747	1564
2748	1564
2749	1565
2750	1565
2751	1565
2752	1566
2753	1566
2754	1566
2755	1567
2756	1567
2757	1567
2758	1568
2759	1568
2760	1569
2761	1569
2762	1569
2763	1570
2764	1570
2765	1570
2766	1571
2767	1571
2768	1571
2769	1572
2770	1573
2771	1573
2772	1573
2773	1574
2774	1574
2775	1574
2776	1575
2777	1575
2778	1575
2779	1576
2780	1576
2781	1576
2782	1577
2783	1577
2784	1577
2785	1578
2786	1578
2787	1578
2788	1579
2789	1579
2790	1579
2791	1580
2792	1580
2793	1580
2794	1581
2795	1581
2796	1581
2797	1582
2798	1582
2799	1582
2800	1583
2801	1583
2802	1583
2803	1584
2804	1584
2805	1585
2806	1585
2807	1585
2808	1586
2809	1586
2810	1586
2811	1587
2812	1587
2813	1587
2814	1588
2815	1589
2816	1589
2817	1589
2818	1590
2819	1590
2820	1590
2821	1591
2822	1591
2823	1592
2824	1592
2825	1592
2826	1593
2827	1593
2828	1593
2829	1594
2830	1594
2831	1594
2832	1595
2833	1596
2834	1596
2835	1596
2836	1597
2837	1597
2838	1597
2839	1598
2840	1598
2841	1598
2842	1599
2843	1600
2844	1600
2845	1600
2846	1601
2847	1601
2848	1601
2849	1602
2850	1602
2851	1602
2852	1603
2853	1603
2854	1603
2855	1604
2856	1604
2857	1604
2858	1605
2859	1605
2860	1605
2861	1606
2862	1606
2863	1606
2864	1607
2865	1607
2866	1607
2867	1608
2868	1608
2869	1608
2870	1609
2871	1609
2872	1609
2873	1610
2874	1610
2875	1610
2876	1611
2877	1611
2878	1611
2879	1612
2880	1612
2881	1612
2882	1613
2883	1613
2884	1614
2885	1614
2886	1614
2887	1615
2888	1615
2889	1615
2890	1616
2891	1616
2892	1616
2893	1617
2894	1617
2895	1617
2896	1618
2897	1618
2898	1618
2899	1619
2900	1619
2901	1620
2902	1620
2903	1620
2904	1621
2905	1621
2906	1621
2907	1622
2908	1622
2909	1623
2910	1623
2911	1623
2912	1624
2913	1624
2914	1624
2915	1625
2916	1625
2917	1625
2918	1626
2919	1627
2920	1627
2921	1627
2922	1628
2923	1628
2924	1628
2925	1629
2926	1629
2927	1629
2928	1630
2929	1630
2930	1630
2931	1631
2932	1631
2933	1631
2934	1632
2935	1632
2936	1632
2937	1633
2938	1633
2939	1633
2940	1634
2941	1634
2942	1634
2943	1635
2944	1635
2945	1635
2946	1636
2947	1636
2948	1636
2949	1637
2950	1637
2951	1637
2952	1638
2953	1638
2954	1639
2955	1639
2956	1639
2957	1640
2958	1640
2959	1640
2960	1641
2961	1641
2962	1641
2963	1642
2964	1642
2965	1642
2966	1643
2967	1643
2968	1643
2969	1644
2970	1644
2971	1644
2972	1645
2973	1645
2974	1645
2975	1646
2976	1646
2977	1646
2978	1647
2979	1647
2980	1647
2981	1648
2982	1648
2983	1648
2984	1649
2985	1649
2986	1649
2987	1650
2988	1650
2989	1650
2990	1651
2991	1651
2992	1651
2993	1652
2994	1652
2995	1652
2996	1653
2997	1653
2998	1653
2999	1654
3000	1654
3001	1654
3002	1655
3003	1656
3004	1656
3005	1656
3006	1657
3007	1657
3008	1657
3009	1658
3010	1658
3011	1659
3012	1659
3013	1659
3014	1660
3015	1660
3016	1660
3017	1661
3018	1661
3019	1662
3020	1662
3021	1662
3022	1663
3023	1663
3024	1663
3025	1664
3026	1664
3027	1664
3028	1665
3029	1665
3030	1665
3031	1666
3032	1666
3033	1666
3034	1667
3035	1667
3036	1667
3037	1668
3038	1669
3039	1669
3040	1669
3041	1670
3042	1670
3043	1670
3044	1671
3045	1671
3046	1672
3047	1672
3048	1672
3049	1673
3050	1673
3051	1673
3052	1674
3053	1675
3054	1675
3055	1675
3056	1676
3057	1676
3058	1676
3059	1677
3060	1677
3061	1678
3062	1678
3063	1678
3064	1679
3065	1679
3066	1679
3067	1680
3068	1680
3069	1681
3070	1681
3071	1681
3072	1682
3073	1682
3074	1682
3075	1683
3076	1683
3077	1684
3078	1684
3079	1684
3080	1685
3081	1685
3082	1685
3083	1686
3084	1686
3085	1687
3086	1687
3087	1687
3088	1688
3089	1688
3090	1688
3091	1689
3092	1689
3093	1689
3094	1690
3095	1690
3096	1690
3097	1691
3098	1691
3099	1691
3100	1692
3101	1692
3102	1692
3103	1693
3104	1693
3105	1693
3106	1694
3107	1694
3108	1694
3109	1695
3110	1695
3111	1695
3112	1696
3113	1696
3114	1696
3115	1697
3116	1697
3117	1697
3118	1698
3119	1698
3120	1698
3121	1699
3122	1699
3123	1700
3124	1700
3125	1700
3126	1701
3127	1701
3128	1701
3129	1702
3130	1702
3131	1703
3132	1703
3133	1703
3134	1704
3135	1704
3136	1704
3137	1705
3138	1705
3139	1706
3140	1706
3141	1706
3142	1707
3143	1707
3144	1707
3145	1708
3146	1708
3147	1709
3148	1709
3149	1709
3150	1710
3151	1710
3152	1710
3153	1711
3154	1712
3155	1712
3156	1712
3157	1713
3158	1713
3159	1713
3160	1714
3161	1714
3162	1715
3163	1715
3164	1715
3165	1716
3166	1716
3167	1716
3168	1717
3169	1717
3170	1718
3171	1718
3172	1718
3173	1719
3174	1719
3175	1719
3176	1720
3177	1720
3178	1720
3179	1721
3180	1721
3181	1721
3182	1722
3183	1722
3184	1722
3185	1723
3186	1723
3187	1724
3188	1724
3189	1724
3190	1725
3191	1725
3192	1725
3193	1726
3194	1726
3195	1727
3196	1727
3197	1727
3198	1728
3199	1728
3200	1728
3201	1729
3202	1729
3203	1729
3204	1730
3205	1730
3206	1730
3207	1731
3208	1731
3209	1731
3210	1732
3211	1732
3212	1732
3213	1733
3214	1733
3215	1733
3216	1734
3217	1734
3218	1734
3219	1735
3220	1735
3221	1735
3222	1736
3223	1736
3224	1736
3225	1737
3226	1737
3227	1737
3228	1738
3229	1738
3230	1738
3231	1739
3232	1739
3233	1740
3234	1740
3235	1740
3236	1741
3237	1741
3238	1741
3239	1742
3240	1742
3241	1743
3242	1743
3243	1743
3244	1744
3245	1744
3246	1744
3247	1745
3248	1745
3249	1746
3250	1746
3251	1746
3252	1747
3253	1747
3254	1747
3255	1748
3256	1748
3257	1749
3258	1749
3259	1749
3260	1750
3261	1750
3262	1750
3263	1751
3264	1752
3265	1752
3266	1752
3267	1753
3268	1753
3269	1753
3270	1754
3271	1755
3272	1755
3273	1755
3274	1756
3275	1756
3276	1756
3277	1757
3278	1757
3279	1758
3280	1758
3281	1758
3282	1759
3283	1759
3284	1759
3285	1760
3286	1761
3287	1761
3288	1761
3289	1762
3290	1762
3291	1762
3292	1763
3293	1764
3294	1764
3295	1764
3296	1765
3297	1765
3298	1765
3299	1766
3300	1767
3301	1767
3302	1767
3303	1768
3304	1768
3305	1768
3306	1769
3307	1769
3308	1769
3309	1770
3310	1770
3311	1770
3312	1771
3313	1771
3314	1771
3315	1772
3316	1772
3317	1772
3318	1773
3319	1773
3320	1773
3321	1774
3322	1774
3323	1774
3324	1775
3325	1775
3326	1775
3327	1776
3328	1776
3329	1776
3330	1777
3331	1778
3332	1778
3333	1778
3334	1779
3335	1779
3336	1779
3337	1780
3338	1780
3339	1781
3340	1781
3341	1781
3342	1782
3343	1782
3344	1782
3345	1783
3346	1784
3347	1784
3348	1784
3349	1785
3350	1785
3351	1785
3352	1786
3353	1787
3354	1787
3355	1787
3356	1788
3357	1788
3358	1788
3359	1789
3360	1790
3361	1790
3362	1790
3363	1791
3364	1791
3365	1791
3366	1792
3367	1793
3368	1793
3369	1793
3370	1794
3371	1794
3372	1794
3373	1795
3374	1796
3375	1796
3376	1796
3377	1797
3378	1797
3379	1797
3380	1798
3381	1799
3382	1799
3383	1799
3384	1800
3385	1800
3386	1800
3387	1801
3388	1802
3389	1802
3390	1802
3391	1803
3392	1803
3393	1803
3394	1804
3395	1805
3396	1805
3397	1805
3398	1806
3399	1806
3400	1806
3401	1807
3402	1807
3403	1808
3404	1808
3405	1808
3406	1809
3407	1809
3408	1809
3409	1810
3410	1810
3411	1810
3412	1811
3413	1811
3414	1811
3415	1812
3416	1812
3417	1812
3418	1813
3419	1813
3420	1813
3421	1814
3422	1814
3423	1814
3424	1815
3425	1815
3426	1815
3427	1816
3428	1816
3429	1816
3430	1817
3431	1817
3432	1818
3433	1818
3434	1818
3435	1819
3436	1819
3437	1819
3438	1820
3439	1821
3440	1821
3441	1821
3442	1822
3443	1822
3444	1822
3445	1823
3446	1823
3447	1824
3448	1824
3449	1824
3450	1825
3451	1825
3452	1825
3453	1826
3454	1827
3455	1827
3456	1827
3457	1828
3458	1828
3459	1828
3460	1829
3461	1829
3462	1830
3463	1830
3464	1830
3465	1831
3466	1831
3467	1831
3468	1832
3469	1833
3470	1833
3471	1833
3472	1834
3473	1834
3474	1834
3475	1835
3476	1836
3477	1836
3478	1836
3479	1837
3480	1837
3481	1837
3482	1838
3483	1839
3484	1839
3485	1839
3486	1840
3487	1840
3488	1840
3489	1841
3490	1841
3491	1841
3492	1842
3493	1842
3494	1842
3495	1843
3496	1844
3497	1844
3498	1844
3499	1845
3500	1845
3501	1845
3502	1846
3503	1847
3504	1847
3505	1847
3506	1848
3507	1848
3508	1848
3509	1849
3510	1849
3511	1849
3512	1850
3513	1850
3514	1850
3515	1851
3516	1851
3517	1851
3518	1852
3519	1852
3520	1852
3521	1853
3522	1853
3523	1853
3524	1854
3525	1854
3526	1854
3527	1855
3528	1855
3529	1855
3530	1856
3531	1856
3532	1856
3533	1857
3534	1857
3535	1857
3536	1858
3537	1858
3538	1858
3539	1859
3540	1860
3541	1860
3542	1860
3543	1861
3544	1861
3545	1861
3546	1862
3547	1863
3548	1863
3549	1863
3550	1864
3551	1864
3552	1864
3553	1865
3554	1866
3555	1866
3556	1866
3557	1867
3558	1867
3559	1867
3560	1868
3561	1869
3562	1869
3563	1869
3564	1870
3565	1870
3566	1870
3567	1871
3568	1872
3569	1872
3570	1872
3571	1873
3572	1873
3573	1873
3574	1874
3575	1875
3576	1875
3577	1875
3578	1876
3579	1876
3580	1876
3581	1877
3582	1878
3583	1878
3584	1878
3585	1879
3586	1879
3587	1879
3588	1880
3589	1880
3590	1880
3591	1881
3592	1881
3593	1881
3594	1882
3595	1883
3596	1883
3597	1883
3598	1884
3599	1884
3600	1884
3601	1885
3602	1886
3603	1886
3604	1886
3605	1887
3606	1887
3607	1887
3608	1888
3609	1888
3610	1888
3611	1889
3612	1889
3613	1889
3614	1890
3615	1890
3616	1890
3617	1891
3618	1891
3619	1891
3620	1892
3621	1892
3622	1892
3623	1893
3624	1893
3625	1893
3626	1894
3627	1894
3628	1894
3629	1895
3630	1895
3631	1896
3632	1896
3633	1896
3634	1897
3635	1897
3636	1897
3637	1898
3638	1898
3639	1898
3640	1899
3641	1899
3642	1899
3643	1900
3644	1901
3645	1901
3646	1901
3647	1902
3648	1902
3649	1902
3650	1903
3651	1903
3652	1903
3653	1904
3654	1904
3655	1904
3656	1905
3657	1905
3658	1905
3659	1906
3660	1906
3661	1906
3662	1907
3663	1907
3664	1907
3665	1908
3666	1908
3667	1908
3668	1909
3669	1909
3670	1909
3671	1910
3672	1910
3673	1910
3674	1911
3675	1911
3676	1911
3677	1912
3678	1912
3679	1912
3680	1913
3681	1914
3682	1914
3683	1914
3684	1915
3685	1915
3686	1915
3687	1916
3688	1916
3689	1916
3690	1917
3691	1917
3692	1917
3693	1918
3694	1919
3695	1919
3696	1919
3697	1920
3698	1920
3699	1920
3700	1921
3701	1921
3702	1921
3703	1922
3704	1922
3705	1922
3706	1923
3707	1923
3708	1923
3709	1924
3710	1924
3711	1924
3712	1925
3713	1925
3714	1925
3715	1926
3716	1926
3717	1926
3718	1927
3719	1927
3720	1927
3721	1928
3722	1928
3723	1928
3724	1929
3725	1929
3726	1929
3727	1930
3728	1930
3729	1930
3730	1931
3731	1931
3732	1931
3733	1932
3734	1932
3735	1932
3736	1933
3737	1934
3738	1934
3739	1934
3740	1935
3741	1935
3742	1935
3743	1936
3744	1936
3745	1936
3746	1937
3747	1937
3748	1937
3749	1938
3750	1938
3751	1938
3752	1939
3753	1939
3754	1939
3755	1940
3756	1940
3757	1940
3758	1941
3759	1941
3760	1941
3761	1942
3762	1942
3763	1942
3764	1943
3765	1943
3766	1943
3767	1944
3768	1945
3769	1945
3770	1945
3771	1946
3772	1946
3773	1946
3774	1947
3775	1947
3776	1947
3777	1948
3778	1948
3779	1948
3780	1949
3781	1950
3782	1950
3783	1950
3784	1951
3785	1951
3786	1951
3787	1952
3788	1952
3789	1952
3790	1953
3791	1953
3792	1953
3793	1954
3794	1954
3795	1954
3796	1955
3797	1955
3798	1955
3799	1956
3800	1956
3801	1956
3802	1957
3803	1957
3804	1957
3805	1958
3806	1958
3807	1958
3808	1959
3809	1959
3810	1959
3811	1960
3812	1960
3813	1960
3814	1961
3815	1961
3816	1961
3817	1962
3818	1962
3819	1962
3820	1963
3821	1963
3822	1963
3823	1964
3824	1964
3825	1964
3826	1965
3827	1965
3828	1965
3829	1966
3830	1966
3831	1966
3832	1967
3833	1967
3834	1967
3835	1968
3836	1968
3837	1968
3838	1969
3839	1969
3840	1969
3841	1970
3842	1970
3843	1970
3844	1971
3845	1971
3846	1971
3847	1972
3848	1972
3849	1972
3850	1973
3851	1973
3852	1973
3853	1974
3854	1974
3855	1974
3856	1975
3857	1975
3858	1975
3859	1976
3860	1976
3861	1976
3862	1977
3863	1977
3864	1977
3865	1978
3866	1979
3867	1979
3868	1979
3869	1980
3870	1980
3871	1980
3872	1981
3873	1981
3874	1981
3875	1982
3876	1982
3877	1982
3878	1983
3879	1983
3880	1983
3881	1984
3882	1984
3883	1984
3884	1985
3885	1986
3886	1986
3887	1986
3888	1987
3889	1987
3890	1987
3891	1988
3892	1988
3893	1988
3894	1989
3895	1989
3896	1989
3897	1990
3898	1990
3899	1990
3900	1991
3901	1991
3902	1991
3903	1992
3904	1992
3905	1992
3906	1993
3907	1993
3908	1993
3909	1994
3910	1994
3911	1994
3912	1995
3913	1995
3914	1995
3915	1996
3916	1996
3917	1996
3918	1997
3919	1997
3920	1997
3921	1998
3922	1998
3923	1998
3924	1999
3925	1999
3926	1999
3927	2000
3928	2000
3929	2000
3930	2001
3931	2001
3932	2001
3933	2002
3934	2002
3935	2002
3936	2003
3937	2003
3938	2003
3939	2004
3940	2004
3941	2004
3942	2005
3943	2005
3944	2005
3945	2006
3946	2006
3947	2006
3948	2007
3949	2007
3950	2007
3951	2008
3952	2008
3953	2008
3954	2009
3955	2010
3956	2010
3957	2010
3958	2011
3959	2011
3960	2011
3961	2012
3962	2012
3963	2012
3964	2013
3965	2013
3966	2013
3967	2014
3968	2014
3969	2014
3970	2015
3971	2015
3972	2015
3973	2016
3974	2016
3975	2016
3976	2017
3977	2017
3978	2018
3979	2018
3980	2018
3981	2019
3982	2019
3983	2019
3984	2020
3985	2020
3986	2020
3987	2021
3988	2021
3989	2021
3990	2022
3991	2022
3992	2022
3993	2023
3994	2023
3995	2023
3996	2024
3997	2024
3998	2024
3999	2025
4000	2025
4001	2025
4002	2026
4003	2026
4004	2026
4005	2027
4006	2027
4007	2027
4008	2028
4009	2028
4010	2028
4011	2029
4012	2029
4013	2029
4014	2030
4015	2030
4016	2030
4017	2031
4018	2031
4019	2031
4020	2032
4021	2032
4022	2032
4023	2033
4024	2033
4025	2033
4026	2034
4027	2034
4028	2034
4029	2035
4030	2035
4031	2035
4032	2036
4033	2036
4034	2036
4035	2037
4036	2037
4037	2037
4038	2038
4039	2038
4040	2038
4041	2039
4042	2040
4043	2040
4044	2040
4045	2041
4046	2041
4047	2041
4048	2042
4049	2042
4050	2042
4051	2043
4052	2043
4053	2044
4054	2044
4055	2044
4056	2045
4057	2045
4058	2045
4059	2046
4060	2046
4061	2046
4062	2047
4063	2047
4064	2047
4065	2048
4066	2048
4067	2048
4068	2049
4069	2049
4070	2049
4071	2050
4072	2051
4073	2051
4074	2051
4075	2052
4076	2052
4077	2052
4078	2053
4079	2053
4080	2053
4081	2054
4082	2054
4083	2054
4084	2055
4085	2055
4086	2055
4087	2056
4088	2056
4089	2056
4090	2057
4091	2057
4092	2057
4093	2058
4094	2058
4095	2058
4096	2059
4097	2059
4098	2059
4099	2060
4100	2060
4101	2061
4102	2061
4103	2061
4104	2062
4105	2062
4106	2062
4107	2063
4108	2063
4109	2063
4110	2064
4111	2064
4112	2064
4113	2065
4114	2065
4115	2065
4116	2066
4117	2066
4118	2066
4119	2067
4120	2067
4121	2067
4122	2068
4123	2068
4124	2068
4125	2069
4126	2069
4127	2070
4128	2070
4129	2070
4130	2071
4131	2071
4132	2072
4133	2072
4134	2072
4135	2073
4136	2073
4137	2074
4138	2074
4139	2074
4140	2075
4141	2075
4142	2075
4143	2076
4144	2076
4145	2076
4146	2077
4147	2077
4148	2077
4149	2078
4150	2078
4151	2078
4152	2079
4153	2079
4154	2079
4155	2080
4156	2080
4157	2080
4158	2081
4159	2081
4160	2082
4161	2082
4162	2082
4163	2083
4164	2083
4165	2083
4166	2084
4167	2084
4168	2084
4169	2085
4170	2085
4171	2085
4172	2086
4173	2086
4174	2086
4175	2087
4176	2087
4177	2088
4178	2088
4179	2088
4180	2089
4181	2089
4182	2090
4183	2090
4184	2090
4185	2091
4186	2091
4187	2091
4188	2092
4189	2092
4190	2092
4191	2093
4192	2093
4193	2093
4194	2094
4195	2094
4196	2094
4197	2095
4198	2095
4199	2095
4200	2096
4201	2096
4202	2096
4203	2097
4204	2097
4205	2097
4206	2098
4207	2098
4208	2098
4209	2099
4210	2100
4211	2100
4212	2100
4213	2101
4214	2101
4215	2102
4216	2102
4217	2102
4218	2103
4219	2103
4220	2103
4221	2104
4222	2104
4223	2104
4224	2105
4225	2105
4226	2106
4227	2106
4228	2106
4229	2107
4230	2107
4231	2107
4232	2108
4233	2108
4234	2108
4235	2109
4236	2109
4237	2109
4238	2110
4239	2110
4240	2110
4241	2111
4242	2111
4243	2112
4244	2112
4245	2112
4246	2113
4247	2113
4248	2114
4249	2114
4250	2114
4251	2115
4252	2115
4253	2115
4254	2116
4255	2116
4256	2116
4257	2117
4258	2117
4259	2117
4260	2118
4261	2118
4262	2118
4263	2119
4264	2119
4265	2120
4266	2120
4267	2120
4268	2121
4269	2121
4270	2121
4271	2122
4272	2122
4273	2122
4274	2123
4275	2123
4276	2123
4277	2124
4278	2124
4279	2124
4280	2125
4281	2125
4282	2125
4283	2126
4284	2126
4285	2126
4286	2127
4287	2127
4288	2127
4289	2128
4290	2128
4291	2128
4292	2129
4293	2130
4294	2130
4295	2130
4296	2131
4297	2131
4298	2131
4299	2132
4300	2132
4301	2132
4302	2133
4303	2133
4304	2134
4305	2134
4306	2134
4307	2135
4308	2135
4309	2136
4310	2136
4311	2136
4312	2137
4313	2137
4314	2138
4315	2138
4316	2138
4317	2139
4318	2139
4319	2140
4320	2140
4321	2140
4322	2141
4323	2141
4324	2142
4325	2142
4326	2142
4327	2143
4328	2143
4329	2144
4330	2144
4331	2144
4332	2145
4333	2145
4334	2146
4335	2146
4336	2146
4337	2147
4338	2147
4339	2148
4340	2148
4341	2148
4342	2149
4343	2149
4344	2149
4345	2150
4346	2150
4347	2150
4348	2151
4349	2151
4350	2151
4351	2152
4352	2152
4353	2152
4354	2153
4355	2153
4356	2153
4357	2154
4358	2154
4359	2154
4360	2155
4361	2155
4362	2155
4363	2156
4364	2156
4365	2156
4366	2157
4367	2157
4368	2157
4369	2158
4370	2158
4371	2159
4372	2159
4373	2159
4374	2160
4375	2160
4376	2161
4377	2161
4378	2161
4379	2162
4380	2162
4381	2163
4382	2163
4383	2163
4384	2164
4385	2164
4386	2165
4387	2165
4388	2165
4389	2166
4390	2166
4391	2167
4392	2167
4393	2167
4394	2168
4395	2169
4396	2169
4397	2169
4398	2170
4399	2170
4400	2171
4401	2171
4402	2171
4403	2172
4404	2172
4405	2173
4406	2173
4407	2173
4408	2174
4409	2174
4410	2175
4411	2175
4412	2175
4413	2176
4414	2176
4415	2177
4416	2177
4417	2177
4418	2178
4419	2178
4420	2178
4421	2179
4422	2179
4423	2179
4424	2180
4425	2180
4426	2180
4427	2181
4428	2181
4429	2181
4430	2182
4431	2182
4432	2182
4433	2183
4434	2183
4435	2183
4436	2184
4437	2184
4438	2184
4439	2185
4440	2185
4441	2185
4442	2186
4443	2186
4444	2186
4445	2187
4446	2187
4447	2188
4448	2188
4449	2188
4450	2189
4451	2189
4452	2190
4453	2190
4454	2190
4455	2191
4456	2191
4457	2192
4458	2192
4459	2192
4460	2193
4461	2193
4462	2194
4463	2194
4464	2194
4465	2195
4466	2195
4467	2196
4468	2196
4469	2196
4470	2197
4471	2197
4472	2198
4473	2198
4474	2198
4475	2199
4476	2199
4477	2200
4478	2200
4479	2200
4480	2201
4481	2202
4482	2202
4483	2202
4484	2203
4485	2203
4486	2204
4487	2204
4488	2204
4489	2205
4490	2205
4491	2206
4492	2206
4493	2206
4494	2207
4495	2207
4496	2208
4497	2208
4498	2208
4499	2209
4500	2209
4501	2209
4502	2210
4503	2210
4504	2210
4505	2211
4506	2211
4507	2211
4508	2212
4509	2212
4510	2212
4511	2213
4512	2213
4513	2213
4514	2214
4515	2214
4516	2214
4517	2215
4518	2215
4519	2215
4520	2216
4521	2216
4522	2216
4523	2217
4524	2217
4525	2217
4526	2218
4527	2219
4528	2219
4529	2219
4530	2220
4531	2221
4532	2221
4533	2221
4534	2222
4535	2222
4536	2223
4537	2223
4538	2223
4539	2224
4540	2224
4541	2225
4542	2225
4543	2225
4544	2226
4545	2226
4546	2227
4547	2227
4548	2227
4549	2228
4550	2229
4551	2229
4552	2229
4553	2230
4554	2231
4555	2231
4556	2231
4557	2232
4558	2232
4559	2233
4560	2233
4561	2233
4562	2234
4563	2235
4564	2235
4565	2235
4566	2236
4567	2237
4568	2237
4569	2237
4570	2238
4571	2238
4572	2238
4573	2239
4574	2239
4575	2239
4576	2240
4577	2240
4578	2240
4579	2241
4580	2241
4581	2241
4582	2242
4583	2242
4584	2242
4585	2243
4586	2243
4587	2243
4588	2244
4589	2244
4590	2244
4591	2245
4592	2245
4593	2245
4594	2246
4595	2246
4596	2246
4597	2247
4598	2247
4599	2248
4600	2248
4601	2248
4602	2249
4603	2249
4604	2250
4605	2250
4606	2250
4607	2251
4608	2252
4609	2252
4610	2252
4611	2253
4612	2254
4613	2254
4614	2254
4615	2255
4616	2255
4617	2256
4618	2256
4619	2256
4620	2257
4621	2258
4622	2258
4623	2258
4624	2259
4625	2260
4626	2260
4627	2260
4628	2261
4629	2262
4630	2262
4631	2262
4632	2263
4633	2264
4634	2264
4635	2264
4636	2265
4637	2265
4638	2265
4639	2266
4640	2266
4641	2266
4642	2267
4643	2267
4644	2267
4645	2268
4646	2268
4647	2268
4648	2269
4649	2269
4650	2269
4651	2270
4652	2270
4653	2270
4654	2271
4655	2271
4656	2271
4657	2272
4658	2272
4659	2272
4660	2273
4661	2273
4662	2273
4663	2274
4664	2274
4665	2274
4666	2275
4667	2275
4668	2275
4669	2276
4670	2276
4671	2276
4672	2277
4673	2277
4674	2277
4675	2278
4676	2278
4677	2278
4678	2279
4679	2279
4680	2279
4681	2280
4682	2280
4683	2281
4684	2281
4685	2281
4686	2282
4687	2282
4688	2282
4689	2283
4690	2283
4691	2283
4692	2284
4693	2284
4694	2284
4695	2285
4696	2285
4697	2285
4698	2286
4699	2286
4700	2286
4701	2287
4702	2287
4703	2287
4704	2288
4705	2288
4706	2288
4707	2289
4708	2289
4709	2289
4710	2290
4711	2290
4712	2290
4713	2291
4714	2292
4715	2292
4716	2292
4717	2293
4718	2294
4719	2294
4720	2294
4721	2295
4722	2296
4723	2296
4724	2296
4725	2297
4726	2298
4727	2298
4728	2298
4729	2299
4730	2300
4731	2300
4732	2300
4733	2301
4734	2302
4735	2302
4736	2302
4737	2303
4738	2304
4739	2304
4740	2304
4741	2305
4742	2306
4743	2306
4744	2306
4745	2307
4746	2308
4747	2308
4748	2308
4749	2309
4750	2310
4751	2310
4752	2310
4753	2311
4754	2311
4755	2311
4756	2312
4757	2312
4758	2312
4759	2313
4760	2313
4761	2313
4762	2314
4763	2314
4764	2314
4765	2315
4766	2315
4767	2315
4768	2316
4769	2316
4770	2316
4771	2317
4772	2317
4773	2317
4774	2318
4775	2318
4776	2319
4777	2319
4778	2319
4779	2320
4780	2321
4781	2321
4782	2321
4783	2322
4784	2323
4785	2323
4786	2323
4787	2324
4788	2325
4789	2325
4790	2325
4791	2326
4792	2327
4793	2327
4794	2327
4795	2328
4796	2329
4797	2329
4798	2329
4799	2330
4800	2331
4801	2331
4802	2331
4803	2332
4804	2333
4805	2333
4806	2333
4807	2334
4808	2335
4809	2335
4810	2335
4811	2336
4812	2337
4813	2337
4814	2337
4815	2338
4816	2339
4817	2339
4818	2339
4819	2340
4820	2340
4821	2340
4822	2341
4823	2341
4824	2341
4825	2342
4826	2342
4827	2342
4828	2343
4829	2343
4830	2343
4831	2344
4832	2344
4833	2344
4834	2345
4835	2345
4836	2345
4837	2346
4838	2346
4839	2346
4840	2347
4841	2347
4842	2348
4843	2348
4844	2348
4845	2349
4846	2350
4847	2350
4848	2350
4849	2351
4850	2351
4851	2351
4852	2352
4853	2353
4854	2353
4855	2353
4856	2354
4857	2355
4858	2355
4859	2355
4860	2356
4861	2357
4862	2357
4863	2357
4864	2358
4865	2359
4866	2359
4867	2359
4868	2360
4869	2361
4870	2361
4871	2361
4872	2362
4873	2362
4874	2362
4875	2363
4876	2363
4877	2363
4878	2364
4879	2365
4880	2365
4881	2365
4882	2366
4883	2366
4884	2366
4885	2367
4886	2367
4887	2367
4888	2368
4889	2368
4890	2368
4891	2369
4892	2369
4893	2369
4894	2370
4895	2370
4896	2370
4897	2371
4898	2371
4899	2371
4900	2372
4901	2372
4902	2372
4903	2373
4904	2374
4905	2374
4906	2374
4907	2375
4908	2375
4909	2375
4910	2376
4911	2377
4912	2377
4913	2377
4914	2378
4915	2378
4916	2378
4917	2379
4918	2379
4919	2379
4920	2380
4921	2380
4922	2380
4923	2381
4924	2381
4925	2381
4926	2382
4927	2382
4928	2382
4929	2383
4930	2383
4931	2383
4932	2384
4933	2384
4934	2384
4935	2385
4936	2385
4937	2385
4938	2386
4939	2386
4940	2386
4941	2387
4942	2387
4943	2387
4944	2388
4945	2388
4946	2388
4947	2389
4948	2389
4949	2389
4950	2390
4951	2390
4952	2390
4953	2391
4954	2391
4955	2391
4956	2392
4957	2392
4958	2392
4959	2393
4960	2393
4961	2393
4962	2394
4963	2394
4964	2394
4965	2395
4966	2395
4967	2395
4968	2396
4969	2396
4970	2396
4971	2397
4972	2397
4973	2397
4974	2398
4975	2398
4976	2398
4977	2399
4978	2400
4979	2400
4980	2400
4981	2401
4982	2401
4983	2401
4984	2402
4985	2402
4986	2402
4987	2403
4988	2403
4989	2403
4990	2404
4991	2404
4992	2404
4993	2405
4994	2405
4995	2405
4996	2406
4997	2406
4998	2406
4999	2407
5000	2407
5001	2407
5002	2408
5003	2408
5004	2408
5005	2409
5006	2409
5007	2409
5008	2410
5009	2410
5010	2410
5011	2411
5012	2411
5013	2411
5014	2412
5015	2412
5016	2412
5017	2413
5018	2413
5019	2413
5020	2414
5021	2414
5022	2414
5023	2415
5024	2415
5025	2415
5026	2416
5027	2416
5028	2416
5029	2417
5030	2417
5031	2417
5032	2418
5033	2418
5034	2418
5035	2419
5036	2419
5037	2419
5038	2420
5039	2420
5040	2420
5041	2421
5042	2421
5043	2421
5044	2422
5045	2422
5046	2422
5047	2423
5048	2423
5049	2423
5050	2424
5051	2424
5052	2424
5053	2425
5054	2425
5055	2425
5056	2426
5057	2426
5058	2426
5059	2427
5060	2427
5061	2427
5062	2428
5063	2428
5064	2428
5065	2429
5066	2429
5067	2429
5068	2430
5069	2430
5070	2430
5071	2431
5072	2431
5073	2431
5074	2432
5075	2432
5076	2432
5077	2433
5078	2433
5079	2433
5080	2434
5081	2435
5082	2435
5083	2435
5084	2436
5085	2436
5086	2436
5087	2437
5088	2437
5089	2437
5090	2438
5091	2438
5092	2438
5093	2439
5094	2439
5095	2439
5096	2440
5097	2440
5098	2440
5099	2441
5100	2441
5101	2441
5102	2442
5103	2442
5104	2442
5105	2443
5106	2443
5107	2443
5108	2444
5109	2444
5110	2444
5111	2445
5112	2445
5113	2445
5114	2446
5115	2446
5116	2446
5117	2447
5118	2447
5119	2447
5120	2448
5121	2448
5122	2449
5123	2449
5124	2449
5125	2450
5126	2450
5127	2450
5128	2451
5129	2451
5130	2451
5131	2452
5132	2452
5133	2452
5134	2453
5135	2453
5136	2453
5137	2454
5138	2454
5139	2454
5140	2455
5141	2455
5142	2455
5143	2456
5144	2456
5145	2456
5146	2457
5147	2457
5148	2457
5149	2458
5150	2458
5151	2458
5152	2459
5153	2459
5154	2459
5155	2460
5156	2460
5157	2460
5158	2461
5159	2461
5160	2461
5161	2462
5162	2462
5163	2462
5164	2463
5165	2463
5166	2463
5167	2464
5168	2464
5169	2464
5170	2465
5171	2465
5172	2465
5173	2466
5174	2466
5175	2467
5176	2467
5177	2467
5178	2468
5179	2468
5180	2468
5181	2469
5182	2469
5183	2469
5184	2470
5185	2470
5186	2470
5187	2471
5188	2471
5189	2471
5190	2472
5191	2472
5192	2472
5193	2473
5194	2473
5195	2473
5196	2474
5197	2474
5198	2474
5199	2475
5200	2476
5201	2477
5202	2477
5203	2477
5204	2478
5205	2478
5206	2478
5207	2479
5208	2479
5209	2479
5210	2480
5211	2480
5212	2480
5213	2481
5214	2481
5215	2481
5216	2482
5217	2482
5218	2482
5219	2483
5220	2483
5221	2483
5222	2484
5223	2484
5224	2484
5225	2485
5226	2485
5227	2485
5228	2486
5229	2486
5230	2486
5231	2487
5232	2487
5233	2487
5234	2488
5235	2488
5236	2488
5237	2489
5238	2489
5239	2489
5240	2490
5241	2490
5242	2490
5243	2491
5244	2491
5245	2491
5246	2492
5247	2492
5248	2492
5249	2493
5250	2493
5251	2493
5252	2494
5253	2494
5254	2494
5255	2495
5256	2495
5257	2495
5258	2496
5259	2496
5260	2496
5261	2497
5262	2497
5263	2497
5264	2498
5265	2498
5266	2498
5267	2499
5268	2499
5269	2499
5270	2500
5271	2500
5272	2500
5273	2501
5274	2501
5275	2501
5276	2502
5277	2502
5278	2502
5279	2503
5280	2503
5281	2503
5282	2504
5283	2504
5284	2504
5285	2505
5286	2505
5287	2505
5288	2506
5289	2506
5290	2506
5291	2507
5292	2507
5293	2507
5294	2508
5295	2508
5296	2508
5297	2509
5298	2509
5299	2509
5300	2510
5301	2510
5302	2510
5303	2511
5304	2511
5305	2512
5306	2512
5307	2512
5308	2513
5309	2513
5310	2513
5311	2514
5312	2514
5313	2514
5314	2515
5315	2515
5316	2515
5317	2516
5318	2516
5319	2516
5320	2517
5321	2517
5322	2517
5323	2518
5324	2518
5325	2518
5326	2519
5327	2519
5328	2519
5329	2520
5330	2521
5331	2522
5332	2522
5333	2522
5334	2523
5335	2524
5336	2525
5337	2525
5338	2525
5339	2526
5340	2527
5341	2528
5342	2528
5343	2528
5344	2529
5345	2530
5346	2531
5347	2532
5348	2533
5349	2534
5350	2535
5351	2536
5352	2537
5353	2537
5354	2537
5355	2538
5356	2538
5357	2538
5358	2539
5359	2539
5360	2539
5361	2540
5362	2540
5363	2540
5364	2541
5365	2541
5366	2541
5367	2542
5368	2542
5369	2542
5370	2543
5371	2543
5372	2543
5373	2544
5374	2544
5375	2545
5376	2546
5377	2547
5378	2547
5379	2547
5380	2548
5381	2548
5382	2548
5383	2549
5384	2549
5385	2549
5386	2550
5387	2551
5388	2552
5389	2553
5390	2554
5391	2555
5392	2556
5393	2557
5394	2558
5395	2559
5396	2560
5397	2561
5398	2562
5399	2562
5400	2562
5401	2563
5402	2563
5403	2563
5404	2564
5405	2564
5406	2564
5407	2565
5408	2565
5409	2565
5410	2566
5411	2566
5412	2566
5413	2567
5414	2567
5415	2567
5416	2568
5417	2568
5418	2568
5419	2569
5420	2569
5421	2569
5422	2570
5423	2570
5424	2571
5425	2572
5426	2573
5427	2574
5428	2575
5429	2576
5430	2577
5431	2578
5432	2579
5433	2580
5434	2581
5435	2582
5436	2583
5437	2584
5438	2585
5439	2586
5440	2587
5441	2588
5442	2589
5443	2590
5444	2591
5445	2591
5446	2591
5447	2592
5448	2592
5449	2592
5450	2593
5451	2593
5452	2593
5453	2594
5454	2594
5455	2594
5456	2595
5457	2595
5458	2595
5459	2596
5460	2596
5461	2596
5462	2597
5463	2597
5464	2597
5465	2598
5466	2598
5467	2598
5468	2599
5469	2600
5470	2601
5471	2602
5472	2603
5473	2604
5474	2605
5475	2606
5476	2607
5477	2608
5478	2609
5479	2610
5480	2611
5481	2612
5482	2613
5483	2614
5484	2615
5485	2616
5486	2617
5487	2618
5488	2619
5489	2619
5490	2619
5491	2620
5492	2620
5493	2620
5494	2621
5495	2621
5496	2621
5497	2622
5498	2622
5499	2622
5500	2623
5501	2623
5502	2623
5503	2624
5504	2624
5505	2624
5506	2625
5507	2625
5508	2625
5509	2626
5510	2626
5511	2627
5512	2628
5513	2629
5514	2630
5515	2631
5516	2632
5517	2633
5518	2634
5519	2635
5520	2636
5521	2637
5522	2638
5523	2639
5524	2640
5525	2641
5526	2642
5527	2643
5528	2644
5529	2645
5530	2646
5531	2647
5532	2647
5533	2647
5534	2648
5535	2648
5536	2648
5537	2649
5538	2649
5539	2649
5540	2650
5541	2650
5542	2650
5543	2651
5544	2651
5545	2651
5546	2652
5547	2652
5548	2652
5549	2653
5550	2653
5551	2653
5552	2654
5553	2654
5554	2654
5555	2655
5556	2656
5557	2657
5558	2658
5559	2659
5560	2660
5561	2661
5562	2662
5563	2663
5564	2664
5565	2665
5566	2666
5567	2667
5568	2668
5569	2669
5570	2670
5571	2671
5572	2672
5573	2673
5574	2674
5575	2675
5576	2675
5577	2675
5578	2676
5579	2676
5580	2676
5581	2677
5582	2677
5583	2677
5584	2678
5585	2678
5586	2678
5587	2679
5588	2679
5589	2679
5590	2680
5591	2680
5592	2680
5593	2681
5594	2681
5595	2681
5596	2682
5597	2682
5598	2683
5599	2684
5600	2685
5601	2686
5602	2687
5603	2688
5604	2689
5605	2690
5606	2691
5607	2692
5608	2693
5609	2694
5610	2695
5611	2696
5612	2697
5613	2698
5614	2699
5615	2700
5616	2701
5617	2702
5618	2703
5619	2703
5620	2703
5621	2704
5622	2704
5623	2704
5624	2705
5625	2705
5626	2705
5627	2706
5628	2706
5629	2706
5630	2707
5631	2707
5632	2707
5633	2708
5634	2708
5635	2708
5636	2709
5637	2709
5638	2709
5639	2710
5640	2710
5641	2711
5642	2712
5643	2713
5644	2714
5645	2715
5646	2716
5647	2717
5648	2718
5649	2719
5650	2720
5651	2721
5652	2722
5653	2723
5654	2724
5655	2725
5656	2726
5657	2727
5658	2728
5659	2729
5660	2729
5661	2729
5662	2730
5663	2730
5664	2730
5665	2731
5666	2731
5667	2731
5668	2732
5669	2732
5670	2732
5671	2733
5672	2733
5673	2733
5674	2734
5675	2734
5676	2734
5677	2735
5678	2735
5679	2735
5680	2736
5681	2736
5682	2736
5683	2737
5684	2738
5685	2739
5686	2740
5687	2741
5688	2742
5689	2743
5690	2744
5691	2745
5692	2746
5693	2747
5694	2748
5695	2749
5696	2750
5697	2751
5698	2752
5699	2753
5700	2754
5701	2755
5702	2756
5703	2756
5704	2756
5705	2757
5706	2757
5707	2757
5708	2758
5709	2758
5710	2758
5711	2759
5712	2759
5713	2759
5714	2760
5715	2760
5716	2760
5717	2761
5718	2761
5719	2761
5720	2762
5721	2762
5722	2762
5723	2763
5724	2764
5725	2765
5726	2766
5727	2767
5728	2768
5729	2769
5730	2770
5731	2771
5732	2772
5733	2773
5734	2774
5735	2775
5736	2776
5737	2777
5738	2778
5739	2779
5740	2780
5741	2781
5742	2782
5743	2782
5744	2782
5745	2783
5746	2783
5747	2783
5748	2784
5749	2784
5750	2784
5751	2785
5752	2785
5753	2785
5754	2786
5755	2786
5756	2786
5757	2787
5758	2787
5759	2787
5760	2788
5761	2788
5762	2788
5763	2789
5764	2789
5765	2789
5766	2790
5767	2790
5768	2790
5769	2791
5770	2791
5771	2791
5772	2792
5773	2792
5774	2792
5775	2793
5776	2793
5777	2793
5778	2794
5779	2794
5780	2794
5781	2795
5782	2795
5783	2795
5784	2796
5785	2797
5786	2797
5787	2797
5788	2798
5789	2798
5790	2798
5791	2799
5792	2799
5793	2799
5794	2800
5795	2800
5796	2800
5797	2801
5798	2801
5799	2801
5800	2802
5801	2802
5802	2802
5803	2803
5804	2803
5805	2803
5806	2804
5807	2805
5808	2806
5809	2807
5810	2808
5811	2809
5812	2810
5813	2811
5814	2812
5815	2813
5816	2814
5817	2815
5818	2816
5819	2817
5820	2818
5821	2819
5822	2820
5823	2821
5824	2822
5825	2822
5826	2822
5827	2823
5828	2823
5829	2823
5830	2824
5831	2824
5832	2824
5833	2825
5834	2825
5835	2825
5836	2826
5837	2826
5838	2826
5839	2827
5840	2827
5841	2827
5842	2828
5843	2828
5844	2828
5845	2829
5846	2829
5847	2830
5848	2831
5849	2832
5850	2833
5851	2834
5852	2835
5853	2836
5854	2837
5855	2838
5856	2839
5857	2840
5858	2841
5859	2842
5860	2843
5861	2844
5862	2845
5863	2845
5864	2845
5865	2846
5866	2846
5867	2846
5868	2847
5869	2847
5870	2847
5871	2848
5872	2848
5873	2848
5874	2849
5875	2849
5876	2849
5877	2850
5878	2850
5879	2850
5880	2851
5881	2851
5882	2851
5883	2852
5884	2853
5885	2854
5886	2855
5887	2856
5888	2857
5889	2858
5890	2859
5891	2860
5892	2861
5893	2862
5894	2863
5895	2864
5896	2865
5897	2866
5898	2866
5899	2866
5900	2867
5901	2867
5902	2867
5903	2868
5904	2868
5905	2868
5906	2869
5907	2869
5908	2869
5909	2870
5910	2870
5911	2870
5912	2871
5913	2871
5914	2871
5915	2872
5916	2872
5917	2872
5918	2873
5919	2873
5920	2874
5921	2875
5922	2876
5923	2877
5924	2878
5925	2879
5926	2880
5927	2881
5928	2882
5929	2883
5930	2884
5931	2885
5932	2886
5933	2887
5934	2888
5935	2888
5936	2888
5937	2889
5938	2889
5939	2889
5940	2890
5941	2890
5942	2890
5943	2891
5944	2891
5945	2891
5946	2892
5947	2892
5948	2892
5949	2893
5950	2893
5951	2893
5952	2894
5953	2894
5954	2894
5955	2895
5956	2896
5957	2897
5958	2898
5959	2899
5960	2900
5961	2901
5962	2902
5963	2903
5964	2904
5965	2905
5966	2906
5967	2907
5968	2907
5969	2907
5970	2908
5971	2908
5972	2908
5973	2909
5974	2909
5975	2909
5976	2910
5977	2910
5978	2910
5979	2911
5980	2911
5981	2911
5982	2912
5983	2912
5984	2912
5985	2913
5986	2913
5987	2913
5988	2914
5989	2915
5990	2916
5991	2917
5992	2918
5993	2919
5994	2920
5995	2921
5996	2922
5997	2923
5998	2924
5999	2925
6000	2926
6001	2926
6002	2926
6003	2927
6004	2927
6005	2927
6006	2928
6007	2928
6008	2928
6009	2929
6010	2929
6011	2929
6012	2930
6013	2930
6014	2930
6015	2931
6016	2931
6017	2931
6018	2932
6019	2932
6020	2932
6021	2933
6022	2934
6023	2935
6024	2936
6025	2937
6026	2938
6027	2939
6028	2940
6029	2941
6030	2942
6031	2943
6032	2944
6033	2944
6034	2944
6035	2945
6036	2945
6037	2945
6038	2946
6039	2946
6040	2946
6041	2947
6042	2947
6043	2947
6044	2948
6045	2948
6046	2948
6047	2949
6048	2949
6049	2949
6050	2950
6051	2950
6052	2950
6053	2951
6054	2952
6055	2953
6056	2954
6057	2955
6058	2956
6059	2957
6060	2958
6061	2959
6062	2960
6063	2961
6064	2962
6065	2963
6066	2963
6067	2963
6068	2964
6069	2964
6070	2964
6071	2965
6072	2965
6073	2965
6074	2966
6075	2966
6076	2966
6077	2967
6078	2967
6079	2967
6080	2968
6081	2968
6082	2968
6083	2969
6084	2969
6085	2970
6086	2971
6087	2972
6088	2973
6089	2974
6090	2975
6091	2976
6092	2977
6093	2978
6094	2979
6095	2980
6096	2981
6097	2982
6098	2983
6099	2984
6100	2985
6101	2985
6102	2985
6103	2986
6104	2986
6105	2986
6106	2987
6107	2987
6108	2987
6109	2988
6110	2988
6111	2988
6112	2989
6113	2989
6114	2989
6115	2990
6116	2990
6117	2990
6118	2991
6119	2991
6120	2991
6121	2992
6122	2993
6123	2994
6124	2995
6125	2996
6126	2997
6127	2998
6128	2999
6129	3000
6130	3001
6131	3002
6132	3003
6133	3004
6134	3005
6135	3006
6136	3007
6137	3007
6138	3007
6139	3008
6140	3008
6141	3008
6142	3009
6143	3009
6144	3009
6145	3010
6146	3010
6147	3010
6148	3011
6149	3011
6150	3011
6151	3012
6152	3012
6153	3012
6154	3013
6155	3013
6156	3013
6157	3014
6158	3014
6159	3014
6160	3015
6161	3015
6162	3015
6163	3016
6164	3016
6165	3016
6166	3017
6167	3017
6168	3017
6169	3018
6170	3018
6171	3018
6172	3019
6173	3019
6174	3019
6175	3020
6176	3020
6177	3021
6178	3021
6179	3021
6180	3022
6181	3022
6182	3022
6183	3023
6184	3023
6185	3023
6186	3024
6187	3024
6188	3024
6189	3025
6190	3025
6191	3025
6192	3026
6193	3026
6194	3026
6195	3027
6196	3027
6197	3028
6198	3029
6199	3030
6200	3031
6201	3032
6202	3033
6203	3034
6204	3035
6205	3036
6206	3037
6207	3038
6208	3039
6209	3040
6210	3041
6211	3042
6212	3043
6213	3044
6214	3045
6215	3046
6216	3046
6217	3046
6218	3047
6219	3047
6220	3047
6221	3048
6222	3048
6223	3048
6224	3049
6225	3049
6226	3049
6227	3050
6228	3050
6229	3050
6230	3051
6231	3051
6232	3051
6233	3052
6234	3052
6235	3053
6236	3054
6237	3055
6238	3056
6239	3057
6240	3058
6241	3059
6242	3060
6243	3061
6244	3062
6245	3063
6246	3064
6247	3065
6248	3066
6249	3067
6250	3068
6251	3069
6252	3070
6253	3071
6254	3072
6255	3073
6256	3073
6257	3073
6258	3074
6259	3074
6260	3074
6261	3075
6262	3075
6263	3075
6264	3076
6265	3076
6266	3076
6267	3077
6268	3077
6269	3077
6270	3078
6271	3078
6272	3078
6273	3079
6274	3080
6275	3081
6276	3082
6277	3083
6278	3084
6279	3085
6280	3086
6281	3087
6282	3088
6283	3089
6284	3090
6285	3091
6286	3092
6287	3093
6288	3094
6289	3095
6290	3096
6291	3097
6292	3097
6293	3097
6294	3098
6295	3098
6296	3098
6297	3099
6298	3099
6299	3099
6300	3100
6301	3100
6302	3100
6303	3101
6304	3101
6305	3101
6306	3102
6307	3102
6308	3102
6309	3103
6310	3103
6311	3103
6312	3104
6313	3105
6314	3106
6315	3107
6316	3108
6317	3109
6318	3110
6319	3111
6320	3112
6321	3113
6322	3114
6323	3115
6324	3116
6325	3117
6326	3118
6327	3119
6328	3120
6329	3121
6330	3122
6331	3122
6332	3122
6333	3123
6334	3123
6335	3123
6336	3124
6337	3124
6338	3124
6339	3125
6340	3125
6341	3125
6342	3126
6343	3126
6344	3126
6345	3127
6346	3127
6347	3127
6348	3128
6349	3128
6350	3129
6351	3130
6352	3131
6353	3132
6354	3133
6355	3134
6356	3135
6357	3136
6358	3137
6359	3138
6360	3139
6361	3140
6362	3141
6363	3142
6364	3143
6365	3144
6366	3145
6367	3146
6368	3147
6369	3148
6370	3148
6371	3148
6372	3149
6373	3149
6374	3149
6375	3150
6376	3150
6377	3150
6378	3151
6379	3151
6380	3151
6381	3152
6382	3152
6383	3152
6384	3153
6385	3153
6386	3153
6387	3154
6388	3154
6389	3155
6390	3156
6391	3157
6392	3158
6393	3159
6394	3160
6395	3161
6396	3162
6397	3163
6398	3164
6399	3165
6400	3166
6401	3167
6402	3168
6403	3169
6404	3170
6405	3171
6406	3172
6407	3173
6408	3174
6409	3174
6410	3174
6411	3175
6412	3175
6413	3175
6414	3176
6415	3176
6416	3176
6417	3177
6418	3177
6419	3177
6420	3178
6421	3178
6422	3178
6423	3179
6424	3179
6425	3179
6426	3180
6427	3181
6428	3182
6429	3183
6430	3184
6431	3185
6432	3186
6433	3187
6434	3188
6435	3189
6436	3190
6437	3191
6438	3192
6439	3193
6440	3194
6441	3195
6442	3196
6443	3197
6444	3198
6445	3199
6446	3200
6447	3200
6448	3200
6449	3201
6450	3201
6451	3201
6452	3202
6453	3202
6454	3202
6455	3203
6456	3203
6457	3203
6458	3204
6459	3204
6460	3204
6461	3205
6462	3205
6463	3205
6464	3206
6465	3206
6466	3207
6467	3208
6468	3209
6469	3210
6470	3211
6471	3212
6472	3213
6473	3214
6474	3215
6475	3216
6476	3217
6477	3218
6478	3219
6479	3220
6480	3221
6481	3222
6482	3223
6483	3224
6484	3225
6485	3226
6486	3226
6487	3226
6488	3227
6489	3227
6490	3227
6491	3228
6492	3228
6493	3228
6494	3229
6495	3229
6496	3229
6497	3230
6498	3230
6499	3230
6500	3231
6501	3231
6502	3231
6503	3232
6504	3233
6505	3234
6506	3235
6507	3236
6508	3237
6509	3238
6510	3239
6511	3240
6512	3241
6513	3242
6514	3243
6515	3244
6516	3245
6517	3246
6518	3247
6519	3248
6520	3249
6521	3250
6522	3251
6523	3252
6524	3252
6525	3252
6526	3253
6527	3253
6528	3253
6529	3254
6530	3254
6531	3254
6532	3255
6533	3255
6534	3255
6535	3256
6536	3256
6537	3256
6538	3257
6539	3257
6540	3257
6541	3258
6542	3259
6543	3260
6544	3261
6545	3262
6546	3263
6547	3264
6548	3265
6549	3266
6550	3267
6551	3268
6552	3269
6553	3270
6554	3271
6555	3271
6556	3271
6557	3272
6558	3272
6559	3272
6560	3273
6561	3273
6562	3273
6563	3274
6564	3274
6565	3274
6566	3275
6567	3275
6568	3275
6569	3276
6570	3276
6571	3276
6572	3277
6573	3277
6574	3277
6575	3278
6576	3278
6577	3278
6578	3279
6579	3279
6580	3279
6581	3280
6582	3280
6583	3280
6584	3281
6585	3281
6586	3281
6587	3282
6588	3282
6589	3282
6590	3283
6591	3283
6592	3283
6593	3284
6594	3285
6595	3285
6596	3285
6597	3286
6598	3286
6599	3286
6600	3287
6601	3287
6602	3287
6603	3288
6604	3288
6605	3288
6606	3289
6607	3289
6608	3289
6609	3290
6610	3290
6611	3290
6612	3291
6613	3292
6614	3293
6615	3294
6616	3295
6617	3296
6618	3297
6619	3298
6620	3299
6621	3300
6622	3301
6623	3302
6624	3303
6625	3304
6626	3305
6627	3306
6628	3307
6629	3308
6630	3309
6631	3309
6632	3309
6633	3310
6634	3310
6635	3310
6636	3311
6637	3311
6638	3311
6639	3312
6640	3312
6641	3312
6642	3313
6643	3313
6644	3313
6645	3314
6646	3314
6647	3314
6648	3315
6649	3316
6650	3317
6651	3318
6652	3319
6653	3320
6654	3321
6655	3322
6656	3323
6657	3324
6658	3325
6659	3325
6660	3325
6661	3326
6662	3326
6663	3326
6664	3327
6665	3327
6666	3327
6667	3328
6668	3328
6669	3328
6670	3329
6671	3329
6672	3329
6673	3330
6674	3330
6675	3330
6676	3331
6677	3332
6678	3333
6679	3334
6680	3335
6681	3336
6682	3337
6683	3338
6684	3339
6685	3340
6686	3341
6687	3342
6688	3343
6689	3343
6690	3343
6691	3344
6692	3344
6693	3344
6694	3345
6695	3345
6696	3345
6697	3346
6698	3346
6699	3346
6700	3347
6701	3347
6702	3347
6703	3348
6704	3348
6705	3348
6706	3349
6707	3350
6708	3351
6709	3352
6710	3353
6711	3354
6712	3355
6713	3356
6714	3357
6715	3358
6716	3359
6717	3360
6718	3361
6719	3362
6720	3363
6721	3364
6722	3364
6723	3364
6724	3365
6725	3365
6726	3365
6727	3366
6728	3366
6729	3366
6730	3367
6731	3367
6732	3367
6733	3368
6734	3368
6735	3368
6736	3369
6737	3369
6738	3369
6739	3370
6740	3371
6741	3372
6742	3373
6743	3374
6744	3375
6745	3376
6746	3377
6747	3378
6748	3379
6749	3380
6750	3381
6751	3382
6752	3383
6753	3384
6754	3385
6755	3386
6756	3387
6757	3387
6758	3387
6759	3388
6760	3388
6761	3388
6762	3389
6763	3389
6764	3389
6765	3390
6766	3390
6767	3390
6768	3391
6769	3391
6770	3391
6771	3392
6772	3392
6773	3392
6774	3393
6775	3394
6776	3395
6777	3396
6778	3397
6779	3398
6780	3399
6781	3400
6782	3401
6783	3402
6784	3403
6785	3404
6786	3405
6787	3406
6788	3406
6789	3406
6790	3407
6791	3407
6792	3407
6793	3408
6794	3408
6795	3408
6796	3409
6797	3409
6798	3409
6799	3410
6800	3410
6801	3410
6802	3411
6803	3411
6804	3412
6805	3413
6806	3414
6807	3415
6808	3416
6809	3417
6810	3418
6811	3419
6812	3420
6813	3421
6814	3422
6815	3423
6816	3423
6817	3423
6818	3424
6819	3424
6820	3424
6821	3425
6822	3425
6823	3425
6824	3426
6825	3426
6826	3426
6827	3427
6828	3427
6829	3427
6830	3428
6831	3428
6832	3428
6833	3429
6834	3430
6835	3431
6836	3432
6837	3433
6838	3434
6839	3435
6840	3436
6841	3437
6842	3438
6843	3439
6844	3439
6845	3439
6846	3440
6847	3440
6848	3440
6849	3441
6850	3441
6851	3441
6852	3442
6853	3442
6854	3442
6855	3443
6856	3443
6857	3443
6858	3444
6859	3444
6860	3445
6861	3446
6862	3447
6863	3448
6864	3449
6865	3450
6866	3451
6867	3452
6868	3453
6869	3454
6870	3455
6871	3456
6872	3457
6873	3457
6874	3457
6875	3458
6876	3458
6877	3458
6878	3459
6879	3459
6880	3459
6881	3460
6882	3460
6883	3460
6884	3461
6885	3461
6886	3461
6887	3462
6888	3462
6889	3462
6890	3463
6891	3464
6892	3465
6893	3466
6894	3467
6895	3468
6896	3469
6897	3470
6898	3471
6899	3472
6900	3473
6901	3474
6902	3475
6903	3476
6904	3476
6905	3476
6906	3477
6907	3477
6908	3477
6909	3478
6910	3478
6911	3478
6912	3479
6913	3479
6914	3479
6915	3480
6916	3480
6917	3480
6918	3481
6919	3481
6920	3481
6921	3482
6922	3482
6923	3482
6924	3483
6925	3483
6926	3483
6927	3484
6928	3484
6929	3484
6930	3485
6931	3485
6932	3485
6933	3486
6934	3486
6935	3486
6936	3487
6937	3487
6938	3487
6939	3488
6940	3488
6941	3488
6942	3489
6943	3489
6944	3490
6945	3490
6946	3490
6947	3491
6948	3491
6949	3491
6950	3492
6951	3492
6952	3492
6953	3493
6954	3493
6955	3493
6956	3494
6957	3494
6958	3494
6959	3495
6960	3495
6961	3495
6962	3496
6963	3497
6964	3498
6965	3499
6966	3500
6967	3501
6968	3502
6969	3503
6970	3504
6971	3505
6972	3506
6973	3507
6974	3508
6975	3508
6976	3508
6977	3509
6978	3509
6979	3509
6980	3510
6981	3510
6982	3510
6983	3511
6984	3511
6985	3511
6986	3512
6987	3512
6988	3512
6989	3513
6990	3513
6991	3513
6992	3514
6993	3515
6994	3516
6995	3517
6996	3518
6997	3519
6998	3520
6999	3521
7000	3522
7001	3523
7002	3524
7003	3525
7004	3526
7005	3527
7006	3527
7007	3527
7008	3528
7009	3528
7010	3528
7011	3529
7012	3529
7013	3529
7014	3530
7015	3530
7016	3530
7017	3531
7018	3531
7019	3531
7020	3532
7021	3532
7022	3533
7023	3534
7024	3535
7025	3536
7026	3537
7027	3538
7028	3539
7029	3540
7030	3541
7031	3542
7032	3543
7033	3544
7034	3545
7035	3546
7036	3546
7037	3546
7038	3547
7039	3547
7040	3547
7041	3548
7042	3548
7043	3548
7044	3549
7045	3549
7046	3549
7047	3550
7048	3550
7049	3550
7050	3551
7051	3551
7052	3552
7053	3553
7054	3554
7055	3555
7056	3556
7057	3557
7058	3558
7059	3559
7060	3560
7061	3561
7062	3561
7063	3561
7064	3562
7065	3562
7066	3562
7067	3563
7068	3563
7069	3563
7070	3564
7071	3564
7072	3564
7073	3565
7074	3565
7075	3565
7076	3566
7077	3566
7078	3567
7079	3568
7080	3569
7081	3570
7082	3571
7083	3572
7084	3573
7085	3574
7086	3575
7087	3576
7088	3577
7089	3578
7090	3579
7091	3580
7092	3580
7093	3580
7094	3581
7095	3581
7096	3581
7097	3582
7098	3582
7099	3582
7100	3583
7101	3583
7102	3583
7103	3584
7104	3584
7105	3584
7106	3585
7107	3586
7108	3587
7109	3588
7110	3589
7111	3590
7112	3591
7113	3592
7114	3593
7115	3594
7116	3595
7117	3596
7118	3597
7119	3598
7120	3599
7121	3600
7122	3600
7123	3600
7124	3601
7125	3601
7126	3601
7127	3602
7128	3602
7129	3602
7130	3603
7131	3603
7132	3603
7133	3604
7134	3604
7135	3604
7136	3605
7137	3605
7138	3606
7139	3607
7140	3608
7141	3609
7142	3610
7143	3611
7144	3612
7145	3613
7146	3614
7147	3615
7148	3616
7149	3617
7150	3618
7151	3619
7152	3620
7153	3621
7154	3622
7155	3623
7156	3623
7157	3623
7158	3624
7159	3624
7160	3624
7161	3625
7162	3625
7163	3625
7164	3626
7165	3626
7166	3626
7167	3627
7168	3627
7169	3627
7170	3628
7171	3629
7172	3630
7173	3631
7174	3632
7175	3633
7176	3634
7177	3635
7178	3636
7179	3637
7180	3638
7181	3639
7182	3640
7183	3641
7184	3642
7185	3643
7186	3643
7187	3643
7188	3644
7189	3644
7190	3644
7191	3645
7192	3645
7193	3645
7194	3646
7195	3646
7196	3646
7197	3647
7198	3647
7199	3647
7200	3648
7201	3649
7202	3650
7203	3651
7204	3652
7205	3653
7206	3654
7207	3655
7208	3656
7209	3657
7210	3658
7211	3659
7212	3660
7213	3661
7214	3662
7215	3663
7216	3663
7217	3663
7218	3664
7219	3664
7220	3664
7221	3665
7222	3665
7223	3665
7224	3666
7225	3666
7226	3666
7227	3667
7228	3667
7229	3667
7230	3668
7231	3669
7232	3670
7233	3671
7234	3672
7235	3673
7236	3674
7237	3675
7238	3676
7239	3677
7240	3678
7241	3679
7242	3680
7243	3681
7244	3682
7245	3683
7246	3684
7247	3685
