contig	length_kb	n_frags	cumul_length
sctg_0	3745584	37	0
sctg_10	1271836	14	37
sctg_100	546921	6	51
sctg_1000	6814	1	57
sctg_1001	6781	2	58
sctg_1002	6756	2	60
sctg_1003	6685	2	62
sctg_1004	6716	2	64
sctg_1006	6569	1	66
sctg_1007	6549	2	67
sctg_1008	6555	1	69
sctg_1009	6537	2	70
sctg_101	536733	6	72
sctg_1010	6597	2	78
sctg_1011	6515	2	80
sctg_1012	7278	1	82
sctg_1013	6499	1	83
sctg_1014	12980	1	84
sctg_1015	6416	2	85
sctg_1016	6410	1	87
sctg_1017	6407	2	88
sctg_1018	6380	2	90
sctg_1019	6846	2	92
sctg_102	520191	6	94
sctg_1020	6345	1	100
sctg_1021	6315	2	101
sctg_1022	6313	1	103
sctg_1023	6307	2	104
sctg_1024	6307	2	106
sctg_1026	13677	2	108
sctg_1027	8812	1	110
sctg_1028	14884	1	111
sctg_1029	6278	1	112
sctg_103	523379	5	113
sctg_1030	6264	2	118
sctg_1031	6254	2	120
sctg_1032	6248	2	122
sctg_1033	6243	1	124
sctg_1034	6234	1	125
sctg_1035	15062	1	126
sctg_1036	8633	1	127
sctg_1037	6207	2	128
sctg_1038	6258	2	130
sctg_1039	6183	1	132
sctg_104	522721	5	133
sctg_1040	5073	2	138
sctg_1041	6242	2	140
sctg_1042	6125	2	142
sctg_1043	6221	2	144
sctg_1044	6079	2	146
sctg_1045	6040	2	148
sctg_1046	6030	1	150
sctg_1047	6240	2	151
sctg_1048	6016	1	153
sctg_1049	6015	2	154
sctg_105	521263	5	156
sctg_1051	5972	2	161
sctg_1052	5968	1	163
sctg_1053	13894	1	164
sctg_1054	5951	2	165
sctg_1055	6522	2	167
sctg_1056	5934	1	169
sctg_1058	5928	2	170
sctg_1059	5925	1	172
sctg_106	515965	6	173
sctg_1060	5909	2	179
sctg_1061	5894	2	181
sctg_1062	5885	2	183
sctg_1063	5884	1	185
sctg_1064	5876	1	186
sctg_1065	5859	1	187
sctg_1066	6827	1	188
sctg_1067	5833	2	189
sctg_1068	4000	2	191
sctg_1069	5761	1	193
sctg_107	521539	5	194
sctg_1070	5768	2	199
sctg_1071	5764	2	201
sctg_1072	5754	1	203
sctg_1073	5752	1	204
sctg_1074	5799	2	205
sctg_1075	7698	2	207
sctg_1076	5691	2	209
sctg_1077	5613	1	211
sctg_1078	5633	2	212
sctg_1079	5697	1	214
sctg_108	521777	6	215
sctg_1080	6036	2	221
sctg_1081	5574	2	223
sctg_1082	6817	2	225
sctg_1083	5660	2	227
sctg_1084	5551	2	229
sctg_1085	7155	1	231
sctg_1086	5498	2	232
sctg_1087	5492	1	234
sctg_1088	6276	2	235
sctg_1089	10690	2	237
sctg_109	511637	6	239
sctg_1090	6191	2	245
sctg_1091	5426	1	247
sctg_1092	5641	2	248
sctg_1093	5382	2	250
sctg_1094	6283	1	252
sctg_1095	8793	1	253
sctg_1097	5357	2	254
sctg_1098	5323	2	256
sctg_1099	6148	2	258
sctg_11	1201849	13	260
sctg_110	518109	5	273
sctg_1100	5400	2	278
sctg_1101	5385	1	280
sctg_1102	5281	2	281
sctg_1103	5404	2	283
sctg_1104	5225	2	285
sctg_1105	5188	2	287
sctg_1106	5185	1	289
sctg_1107	5357	1	290
sctg_1108	5453	2	291
sctg_1109	5160	1	293
sctg_111	507503	5	294
sctg_1110	5157	2	299
sctg_1111	6071	2	301
sctg_1112	5116	2	303
sctg_1113	9309	1	305
sctg_1114	5082	2	306
sctg_1115	6407	2	308
sctg_1116	5232	1	310
sctg_1117	5094	2	311
sctg_1118	4977	2	313
sctg_1119	13383	2	315
sctg_112	523010	5	317
sctg_1120	4942	2	322
sctg_1122	6119	1	324
sctg_1123	6258	1	325
sctg_1124	4916	1	326
sctg_1125	5477	1	327
sctg_1126	4914	2	328
sctg_1127	5881	1	330
sctg_1128	3611	1	331
sctg_1129	12920	1	332
sctg_113	497380	5	333
sctg_1130	4893	2	338
sctg_1131	4847	2	340
sctg_1132	6323	1	342
sctg_1133	7053	1	343
sctg_1135	6807	2	344
sctg_1136	4812	2	346
sctg_1137	6368	2	348
sctg_1138	4762	2	350
sctg_1139	4326	1	352
sctg_114	502603	5	353
sctg_1140	6597	1	358
sctg_1141	6101	2	359
sctg_1143	6148	2	361
sctg_1144	4647	2	363
sctg_1146	4627	1	365
sctg_1147	4576	2	366
sctg_1148	5345	2	368
sctg_1149	4604	2	370
sctg_115	504428	5	372
sctg_1150	3644	2	377
sctg_1151	4688	1	379
sctg_1152	4578	1	380
sctg_1154	4537	1	381
sctg_1156	4501	2	382
sctg_1157	4473	2	384
sctg_1158	3763	2	386
sctg_116	506676	5	388
sctg_1160	4561	2	393
sctg_1161	4460	2	395
sctg_1162	4453	1	397
sctg_1163	4450	2	398
sctg_1166	4904	2	400
sctg_1167	4510	2	402
sctg_1168	4333	2	404
sctg_117	508313	5	406
sctg_1171	4460	2	411
sctg_1172	4309	1	413
sctg_1173	7246	2	414
sctg_1175	3664	2	416
sctg_1177	12690	2	418
sctg_118	496777	5	420
sctg_1180	4197	1	425
sctg_1182	4322	2	426
sctg_1183	4677	2	428
sctg_1186	4041	2	430
sctg_1187	4057	2	432
sctg_1189	3515	1	434
sctg_119	491596	6	435
sctg_1190	4113	2	441
sctg_1192	3977	2	443
sctg_1193	3933	2	445
sctg_1194	3915	1	447
sctg_1195	3912	1	448
sctg_1199	3903	1	449
sctg_12	1207602	12	450
sctg_120	483608	5	462
sctg_1202	3794	1	467
sctg_1203	3793	2	468
sctg_1204	6539	1	470
sctg_1205	3745	1	471
sctg_1206	3720	2	472
sctg_1208	3662	2	474
sctg_121	515706	5	476
sctg_1211	3621	2	481
sctg_1212	3615	1	483
sctg_1214	3603	1	484
sctg_1215	3578	1	485
sctg_122	487711	5	486
sctg_1226	3460	1	491
sctg_123	494152	5	492
sctg_1230	4305	1	497
sctg_1232	3412	2	498
sctg_1233	3410	1	500
sctg_1234	3398	1	501
sctg_1237	3373	2	502
sctg_124	476472	5	504
sctg_1242	3339	1	509
sctg_1243	5827	1	510
sctg_1246	3295	1	511
sctg_1247	6164	1	512
sctg_1249	3272	2	513
sctg_125	479714	5	515
sctg_1250	3263	2	520
sctg_1251	4029	2	522
sctg_1252	3250	2	524
sctg_1253	3243	1	526
sctg_1254	3240	1	527
sctg_1256	3228	2	528
sctg_1257	3226	1	530
sctg_126	483671	5	531
sctg_1262	3198	1	536
sctg_1263	3181	1	537
sctg_1269	7171	2	538
sctg_127	478815	5	540
sctg_1270	3148	2	545
sctg_1273	3117	2	547
sctg_1274	3109	2	549
sctg_1276	5519	1	551
sctg_1277	3093	2	552
sctg_1278	3087	1	554
sctg_1279	3085	1	555
sctg_128	478782	5	556
sctg_1280	3084	2	561
sctg_1283	3076	2	563
sctg_1285	3067	1	565
sctg_1286	3060	2	566
sctg_1288	3047	1	568
sctg_1289	3042	1	569
sctg_129	473873	5	570
sctg_1292	3023	2	575
sctg_1295	3005	2	577
sctg_1296	2976	2	579
sctg_1297	3000	1	581
sctg_1298	2974	2	582
sctg_1299	2995	2	584
sctg_13	1198315	12	586
sctg_130	461857	5	598
sctg_1303	2964	2	603
sctg_1304	2958	1	605
sctg_1305	2958	1	606
sctg_1307	2954	1	607
sctg_1308	2952	2	608
sctg_1309	2950	2	610
sctg_131	469652	5	612
sctg_1310	2945	1	617
sctg_1311	2939	1	618
sctg_1318	2911	2	619
sctg_132	456593	5	621
sctg_1323	2882	2	626
sctg_1326	2876	2	628
sctg_133	463476	5	630
sctg_1330	2861	1	635
sctg_1332	2844	2	636
sctg_1334	2845	2	638
sctg_1335	6167	1	640
sctg_1336	2835	2	641
sctg_1337	2834	2	643
sctg_1338	2821	2	645
sctg_1339	2820	2	647
sctg_134	451763	5	649
sctg_1343	2743	2	654
sctg_1345	2805	2	656
sctg_1346	2800	2	658
sctg_1347	2799	2	660
sctg_1349	2788	1	662
sctg_135	450597	5	663
sctg_1351	2779	2	668
sctg_1356	2768	1	670
sctg_1359	2749	2	671
sctg_136	452496	5	673
sctg_1360	2747	1	678
sctg_1361	2747	1	679
sctg_1362	2719	2	680
sctg_1363	2742	1	682
sctg_1364	2738	2	683
sctg_1366	2736	1	685
sctg_1367	2733	2	686
sctg_1368	2722	2	688
sctg_137	453703	5	690
sctg_1370	2712	1	695
sctg_1372	2705	1	696
sctg_1376	2690	1	697
sctg_1379	2686	2	698
sctg_138	439392	5	700
sctg_1380	2684	2	705
sctg_1383	2678	1	707
sctg_1384	2677	1	708
sctg_1387	2673	1	709
sctg_1389	2667	2	710
sctg_139	445129	5	712
sctg_1390	2666	2	717
sctg_1394	2654	1	719
sctg_1395	2652	2	720
sctg_1396	2650	2	722
sctg_1397	2648	2	724
sctg_1398	2644	1	726
sctg_1399	2642	1	727
sctg_14	1172230	12	728
sctg_140	440654	5	740
sctg_1401	2640	1	745
sctg_1402	2639	1	746
sctg_1404	2601	1	747
sctg_1407	2589	1	748
sctg_1409	2622	1	749
sctg_141	435803	5	750
sctg_1410	2621	1	755
sctg_1414	2615	1	756
sctg_1416	2613	2	757
sctg_1417	2606	2	759
sctg_1419	2589	1	761
sctg_142	439664	5	762
sctg_1420	2588	1	767
sctg_1421	2587	2	768
sctg_1422	2584	2	770
sctg_1423	2536	1	772
sctg_1424	2580	1	773
sctg_1425	2512	2	774
sctg_1428	2569	1	776
sctg_143	432829	5	777
sctg_1430	2566	2	782
sctg_1436	2543	2	784
sctg_1438	2487	2	786
sctg_1439	2538	2	788
sctg_144	431193	5	790
sctg_1441	2540	1	795
sctg_1443	2532	1	796
sctg_1446	2530	2	797
sctg_1447	2530	2	799
sctg_1448	2529	2	801
sctg_145	436202	4	803
sctg_1450	2524	1	807
sctg_1452	2521	2	808
sctg_1455	2511	1	810
sctg_1456	2511	2	811
sctg_1459	2500	1	813
sctg_146	434360	5	814
sctg_1460	2498	2	819
sctg_1461	2498	2	821
sctg_1462	2497	2	823
sctg_1463	2497	2	825
sctg_1464	2493	1	827
sctg_1467	2486	1	828
sctg_1468	2486	2	829
sctg_147	421466	5	831
sctg_1472	2473	2	836
sctg_1473	2473	2	838
sctg_1474	2472	1	840
sctg_1475	2464	1	841
sctg_1476	2459	2	842
sctg_1477	2462	1	844
sctg_1478	2458	1	845
sctg_148	424104	5	846
sctg_1480	2416	2	851
sctg_1482	2422	2	853
sctg_1484	2409	1	855
sctg_1485	2455	2	856
sctg_1487	2451	1	858
sctg_149	416312	5	859
sctg_1490	2446	1	864
sctg_1491	2443	2	865
sctg_1492	2442	2	867
sctg_1493	2440	1	869
sctg_1494	2403	1	870
sctg_1495	2436	2	871
sctg_1496	2403	1	873
sctg_1497	2403	1	874
sctg_15	1139494	11	875
sctg_150	422720	5	886
sctg_1502	2427	1	891
sctg_1505	2423	1	892
sctg_1506	2421	1	893
sctg_1509	2418	1	894
sctg_151	413142	4	895
sctg_1511	2413	1	899
sctg_1515	2407	2	900
sctg_1516	2406	2	902
sctg_1517	2402	1	904
sctg_1518	2401	2	905
sctg_1519	2400	1	907
sctg_152	420878	4	908
sctg_1520	2399	2	912
sctg_1522	2395	2	914
sctg_1525	2386	1	916
sctg_1529	2376	1	917
sctg_153	404940	5	918
sctg_1530	2376	2	923
sctg_1532	2369	1	925
sctg_1533	2368	1	926
sctg_1535	2366	2	927
sctg_1536	2366	1	929
sctg_1537	2366	2	930
sctg_1539	2358	1	932
sctg_154	418983	5	933
sctg_1541	2324	1	938
sctg_1542	2354	1	939
sctg_1543	2353	1	940
sctg_1544	2350	2	941
sctg_1545	2347	2	943
sctg_1547	2346	1	945
sctg_1548	2344	1	946
sctg_1549	2344	2	947
sctg_155	409479	5	949
sctg_1552	2315	1	954
sctg_1553	2336	2	955
sctg_1554	2335	2	957
sctg_1555	2333	2	959
sctg_1558	2330	1	961
sctg_1559	2328	1	962
sctg_156	405149	5	963
sctg_1560	2321	2	968
sctg_1561	2328	1	970
sctg_1563	2246	2	971
sctg_1565	2325	2	973
sctg_1566	2323	1	975
sctg_1567	2321	2	976
sctg_1568	2320	1	978
sctg_1569	2318	2	979
sctg_157	411445	5	981
sctg_1570	2317	1	986
sctg_1571	2313	2	987
sctg_1572	2313	2	989
sctg_1573	2311	1	991
sctg_1576	2307	2	992
sctg_1577	2302	1	994
sctg_1578	2306	1	995
sctg_1579	2305	1	996
sctg_158	408399	4	997
sctg_1581	2303	1	1001
sctg_1582	2301	1	1002
sctg_1586	2296	1	1003
sctg_1587	2294	1	1004
sctg_1588	2292	1	1005
sctg_1589	2289	1	1006
sctg_159	398523	4	1007
sctg_1590	2289	2	1011
sctg_1591	2287	1	1013
sctg_1592	2286	2	1014
sctg_1593	2286	1	1016
sctg_1594	2281	2	1017
sctg_1595	2273	2	1019
sctg_16	1133248	12	1021
sctg_160	394780	5	1033
sctg_1600	2274	1	1038
sctg_1604	2270	2	1039
sctg_1605	2267	2	1041
sctg_1606	2251	1	1043
sctg_1607	2260	1	1044
sctg_1609	2256	1	1045
sctg_161	400297	4	1046
sctg_1611	2255	2	1050
sctg_1612	2253	1	1052
sctg_1613	2252	1	1053
sctg_1615	2250	2	1054
sctg_1618	2244	2	1056
sctg_1619	2244	2	1058
sctg_162	401382	4	1060
sctg_1621	2241	2	1064
sctg_1622	2240	1	1066
sctg_1624	2239	2	1067
sctg_1626	2237	2	1069
sctg_1629	2232	1	1071
sctg_163	402252	4	1072
sctg_1630	2228	1	1076
sctg_1632	2226	2	1077
sctg_1633	2226	2	1079
sctg_1634	2226	2	1081
sctg_1635	2225	1	1083
sctg_1636	2175	2	1084
sctg_1638	2220	2	1086
sctg_164	400887	4	1088
sctg_1640	2219	2	1092
sctg_1642	2217	2	1094
sctg_1643	2217	1	1096
sctg_1644	2217	1	1097
sctg_1647	2214	2	1098
sctg_1648	2212	2	1100
sctg_1649	2211	1	1102
sctg_165	399073	4	1103
sctg_1650	2210	2	1107
sctg_1651	2209	1	1109
sctg_1653	2175	2	1110
sctg_1654	2207	1	1112
sctg_1655	2205	1	1113
sctg_1656	2204	2	1114
sctg_166	407896	4	1116
sctg_1661	2193	2	1120
sctg_1662	2191	2	1122
sctg_1663	2172	2	1124
sctg_1664	2191	2	1126
sctg_1665	2190	1	1128
sctg_1667	2189	2	1129
sctg_1669	2185	2	1131
sctg_167	412829	4	1133
sctg_1674	2178	2	1137
sctg_1675	2178	1	1139
sctg_1677	2175	2	1140
sctg_1678	2175	1	1142
sctg_1679	2175	2	1143
sctg_168	392037	5	1145
sctg_1680	2174	2	1150
sctg_1681	2173	1	1152
sctg_1682	2135	1	1153
sctg_1684	2163	2	1154
sctg_1685	2169	1	1156
sctg_1687	2164	1	1157
sctg_1689	2163	2	1158
sctg_169	393698	4	1160
sctg_1690	2162	2	1164
sctg_1695	2159	2	1166
sctg_1697	2154	1	1168
sctg_1698	2154	1	1169
sctg_17	1123385	12	1170
sctg_170	380651	4	1182
sctg_1700	2153	1	1186
sctg_1701	2153	2	1187
sctg_1702	2152	1	1189
sctg_1704	2149	1	1190
sctg_1705	2147	2	1191
sctg_1707	2146	1	1193
sctg_1708	2135	2	1194
sctg_1709	2145	2	1196
sctg_171	378343	4	1198
sctg_1710	2145	2	1202
sctg_1712	2144	1	1204
sctg_1715	2143	2	1205
sctg_1717	2141	2	1207
sctg_1718	2141	2	1209
sctg_172	376979	4	1211
sctg_1720	2140	1	1215
sctg_1724	2134	2	1216
sctg_1726	2132	2	1218
sctg_1727	2130	1	1220
sctg_1729	2128	2	1221
sctg_173	380134	4	1223
sctg_1731	2128	2	1227
sctg_1732	2117	2	1229
sctg_1733	2127	1	1231
sctg_1734	2127	1	1232
sctg_1735	2127	2	1233
sctg_1737	2125	2	1235
sctg_1738	2125	2	1237
sctg_174	375833	4	1239
sctg_1740	2120	1	1243
sctg_1741	2119	1	1244
sctg_1742	2119	2	1245
sctg_1743	2116	1	1247
sctg_1744	2115	2	1248
sctg_1745	2115	2	1250
sctg_1746	2115	1	1252
sctg_1747	2111	1	1253
sctg_1748	2114	1	1254
sctg_1749	2114	2	1255
sctg_175	373580	4	1257
sctg_1750	2114	2	1261
sctg_1751	2113	2	1263
sctg_1752	2112	2	1265
sctg_1753	2112	1	1267
sctg_1755	2109	2	1268
sctg_1756	2109	2	1270
sctg_176	377841	4	1272
sctg_1760	2107	2	1276
sctg_1762	2105	1	1278
sctg_1763	2105	1	1279
sctg_1764	2105	1	1280
sctg_1765	2104	1	1281
sctg_1766	2104	2	1282
sctg_1767	2103	2	1284
sctg_177	372647	4	1286
sctg_1773	2095	2	1290
sctg_1776	2092	2	1292
sctg_1777	2092	2	1294
sctg_1779	2086	1	1296
sctg_178	369726	4	1297
sctg_1782	2085	2	1301
sctg_1783	2082	1	1303
sctg_1784	2082	2	1304
sctg_1785	2081	2	1306
sctg_1786	2081	2	1308
sctg_1788	2078	2	1310
sctg_1789	2077	1	1312
sctg_179	375655	4	1313
sctg_1791	2077	1	1317
sctg_1792	2077	1	1318
sctg_1793	2077	2	1319
sctg_1794	2074	1	1321
sctg_1795	2073	2	1322
sctg_1798	2072	2	1324
sctg_1799	2070	1	1326
sctg_18	1118169	11	1327
sctg_180	376675	4	1338
sctg_1801	2069	2	1342
sctg_1802	1982	2	1344
sctg_1804	2068	2	1346
sctg_1805	2068	2	1348
sctg_1807	2065	1	1350
sctg_1808	2065	2	1351
sctg_181	374232	4	1353
sctg_1811	2061	1	1357
sctg_1813	2060	2	1358
sctg_1814	2013	2	1360
sctg_1815	2060	1	1362
sctg_1816	2060	2	1363
sctg_1817	2058	2	1365
sctg_1819	2056	2	1367
sctg_182	370035	4	1369
sctg_1822	2000	1	1373
sctg_1825	2050	2	1374
sctg_1828	2049	2	1376
sctg_1829	2043	2	1378
sctg_183	354741	4	1380
sctg_1830	2048	2	1384
sctg_1833	2047	2	1386
sctg_1834	2046	2	1388
sctg_1836	2046	2	1390
sctg_1838	2045	2	1392
sctg_1839	2045	2	1394
sctg_184	359996	4	1396
sctg_1840	2043	1	1400
sctg_1841	2043	2	1401
sctg_1844	2038	1	1403
sctg_1845	2038	2	1404
sctg_1846	2038	2	1406
sctg_1847	2037	2	1408
sctg_1849	2037	2	1410
sctg_185	344804	4	1412
sctg_1852	1998	2	1416
sctg_1853	2035	2	1418
sctg_1855	2032	1	1420
sctg_1857	2023	2	1421
sctg_1859	1983	1	1423
sctg_186	353682	4	1424
sctg_1862	2027	2	1428
sctg_1863	2027	1	1430
sctg_1865	2026	1	1431
sctg_1866	2026	2	1432
sctg_1868	1977	1	1434
sctg_1869	2023	2	1435
sctg_187	344499	4	1437
sctg_1870	2023	1	1441
sctg_1872	2021	2	1442
sctg_1873	2021	2	1444
sctg_1875	2019	2	1446
sctg_1877	1989	2	1448
sctg_1878	2015	2	1450
sctg_188	350457	4	1452
sctg_1880	2015	2	1456
sctg_1882	2012	1	1458
sctg_1883	2012	1	1459
sctg_1884	2012	2	1460
sctg_1887	2006	2	1462
sctg_1888	2009	2	1464
sctg_1889	2008	2	1466
sctg_189	344306	4	1468
sctg_1892	1990	2	1472
sctg_1893	2006	2	1474
sctg_1894	2006	2	1476
sctg_1895	2006	2	1478
sctg_1896	2004	2	1480
sctg_1897	2004	2	1482
sctg_1898	2004	1	1484
sctg_1899	2002	2	1485
sctg_19	1100642	12	1487
sctg_190	339332	4	1499
sctg_191	333838	4	1503
sctg_192	347550	4	1507
sctg_193	329506	4	1511
sctg_194	318036	4	1515
sctg_195	318013	4	1519
sctg_196	324936	4	1523
sctg_197	321740	3	1527
sctg_198	317353	3	1530
sctg_199	313144	4	1533
sctg_2	1894020	20	1537
sctg_20	1086620	11	1557
sctg_200	306974	4	1568
sctg_201	315962	3	1572
sctg_202	313492	3	1575
sctg_203	309679	3	1578
sctg_204	311697	3	1581
sctg_205	299241	4	1584
sctg_206	296281	3	1588
sctg_207	293188	4	1591
sctg_208	290706	4	1595
sctg_209	288938	3	1599
sctg_21	1084609	11	1602
sctg_210	295138	3	1613
sctg_211	289290	3	1616
sctg_212	284288	3	1619
sctg_213	286842	4	1622
sctg_214	283720	3	1626
sctg_215	283174	3	1629
sctg_216	287285	3	1632
sctg_217	279888	3	1635
sctg_218	281218	3	1638
sctg_219	275317	3	1641
sctg_22	1043404	11	1644
sctg_220	296629	3	1655
sctg_221	271698	3	1658
sctg_222	274379	3	1661
sctg_223	271498	4	1664
sctg_224	271925	3	1668
sctg_225	266164	3	1671
sctg_226	270970	3	1674
sctg_227	267340	3	1677
sctg_228	263496	3	1680
sctg_229	278809	3	1683
sctg_23	1033721	10	1686
sctg_230	260002	3	1696
sctg_231	265202	3	1699
sctg_232	269053	3	1702
sctg_233	253850	3	1705
sctg_234	260094	3	1708
sctg_235	257773	3	1711
sctg_236	257852	3	1714
sctg_237	253843	3	1717
sctg_238	254736	3	1720
sctg_239	251360	3	1723
sctg_24	1030715	10	1726
sctg_240	250983	3	1736
sctg_241	246932	3	1739
sctg_242	264910	3	1742
sctg_243	254885	3	1745
sctg_244	255063	3	1748
sctg_245	246901	3	1751
sctg_246	243722	3	1754
sctg_247	244737	3	1757
sctg_248	245048	3	1760
sctg_249	238189	3	1763
sctg_25	1018262	11	1766
sctg_250	252255	3	1777
sctg_251	237700	3	1780
sctg_252	239230	3	1783
sctg_253	238820	3	1786
sctg_254	246086	3	1789
sctg_255	236583	3	1792
sctg_256	237353	3	1795
sctg_257	236592	3	1798
sctg_258	233412	3	1801
sctg_259	230794	3	1804
sctg_26	1015445	10	1807
sctg_260	226858	3	1817
sctg_261	227613	3	1820
sctg_262	228969	3	1823
sctg_263	229230	3	1826
sctg_264	224290	3	1829
sctg_265	230204	3	1832
sctg_266	223137	3	1835
sctg_267	220567	2	1838
sctg_268	226056	3	1840
sctg_269	219649	3	1843
sctg_27	983517	10	1846
sctg_270	221125	3	1856
sctg_271	220629	3	1859
sctg_272	221799	3	1862
sctg_273	215636	3	1865
sctg_274	219812	3	1868
sctg_275	213446	3	1871
sctg_276	216022	3	1874
sctg_277	211243	2	1877
sctg_278	213452	3	1879
sctg_279	209511	3	1882
sctg_28	957396	10	1885
sctg_280	222349	2	1895
sctg_281	214151	3	1897
sctg_282	209721	2	1900
sctg_283	212758	2	1902
sctg_284	191240	2	1904
sctg_285	207741	2	1906
sctg_286	205588	2	1908
sctg_287	206680	3	1910
sctg_288	202158	2	1913
sctg_289	206437	3	1915
sctg_29	944381	10	1918
sctg_290	203236	2	1928
sctg_291	198910	3	1930
sctg_292	197458	2	1933
sctg_293	214083	2	1935
sctg_294	202284	2	1937
sctg_295	196872	2	1939
sctg_296	201648	3	1941
sctg_297	202386	2	1944
sctg_298	200421	3	1946
sctg_299	197968	2	1949
sctg_3	1695640	17	1951
sctg_30	954774	10	1968
sctg_300	204599	2	1978
sctg_301	199622	2	1980
sctg_302	197211	3	1982
sctg_303	202570	2	1985
sctg_304	201323	2	1987
sctg_305	195227	2	1989
sctg_306	194053	2	1991
sctg_307	191954	2	1993
sctg_308	193319	2	1995
sctg_309	191145	2	1997
sctg_31	955132	10	1999
sctg_310	192807	2	2009
sctg_311	196843	2	2011
sctg_312	193179	2	2013
sctg_313	193636	2	2015
sctg_314	196677	2	2017
sctg_315	193907	2	2019
sctg_316	189194	2	2021
sctg_317	186260	2	2023
sctg_318	185416	2	2025
sctg_319	189723	2	2027
sctg_32	952789	10	2029
sctg_320	191996	2	2039
sctg_321	201193	2	2041
sctg_322	183041	2	2043
sctg_323	187855	2	2045
sctg_324	186812	3	2047
sctg_325	185270	2	2050
sctg_326	182276	2	2052
sctg_327	190945	2	2054
sctg_328	182243	2	2056
sctg_329	180184	2	2058
sctg_33	929110	9	2060
sctg_330	182173	2	2069
sctg_331	185965	2	2071
sctg_332	179690	2	2073
sctg_333	177276	2	2075
sctg_334	176980	2	2077
sctg_335	173615	2	2079
sctg_336	182521	2	2081
sctg_337	173380	2	2083
sctg_338	186656	2	2085
sctg_339	174390	2	2087
sctg_34	907134	10	2089
sctg_340	180186	2	2099
sctg_341	174808	2	2101
sctg_342	187010	2	2103
sctg_343	174410	2	2105
sctg_344	168673	2	2107
sctg_345	186330	2	2109
sctg_346	177238	2	2111
sctg_347	166548	2	2113
sctg_348	173412	2	2115
sctg_349	191559	2	2117
sctg_35	899547	10	2119
sctg_350	171387	2	2129
sctg_351	179708	2	2131
sctg_352	161801	2	2133
sctg_353	176139	2	2135
sctg_354	177908	2	2137
sctg_355	167448	2	2139
sctg_356	171946	2	2141
sctg_357	166872	2	2143
sctg_358	162236	2	2145
sctg_359	162983	2	2147
sctg_36	912087	9	2149
sctg_360	159802	2	2158
sctg_361	161346	2	2160
sctg_362	160844	2	2162
sctg_363	159186	2	2164
sctg_364	168671	2	2166
sctg_365	161410	2	2168
sctg_366	159075	2	2170
sctg_367	159297	2	2172
sctg_368	155157	2	2174
sctg_369	153782	2	2176
sctg_37	908089	9	2178
sctg_370	156160	2	2187
sctg_371	156054	2	2189
sctg_372	157547	2	2191
sctg_373	150307	2	2193
sctg_374	153132	2	2195
sctg_375	153327	2	2197
sctg_376	155251	2	2199
sctg_377	145458	2	2201
sctg_378	150402	2	2203
sctg_379	144905	2	2205
sctg_38	904685	9	2207
sctg_380	143268	2	2216
sctg_381	144213	2	2218
sctg_382	140729	2	2220
sctg_383	145517	2	2222
sctg_384	141870	2	2224
sctg_385	143105	2	2226
sctg_386	144486	2	2228
sctg_387	140791	2	2230
sctg_388	142620	2	2232
sctg_389	141986	2	2234
sctg_39	891579	9	2236
sctg_390	141245	2	2245
sctg_391	136178	2	2247
sctg_392	135993	2	2249
sctg_393	126236	2	2251
sctg_394	131013	2	2253
sctg_395	137042	2	2255
sctg_396	129118	2	2257
sctg_398	133856	2	2259
sctg_399	130132	2	2261
sctg_4	1667773	17	2263
sctg_40	880874	9	2280
sctg_400	126492	2	2289
sctg_401	128133	2	2291
sctg_402	130599	2	2293
sctg_403	123845	2	2295
sctg_404	121052	2	2297
sctg_405	127190	2	2299
sctg_406	123651	2	2301
sctg_407	120306	2	2303
sctg_408	121197	2	2305
sctg_409	124964	2	2307
sctg_41	892610	9	2309
sctg_410	122199	2	2318
sctg_411	118254	2	2320
sctg_412	115110	2	2322
sctg_413	117111	2	2324
sctg_414	116523	2	2326
sctg_415	109603	2	2328
sctg_416	115059	2	2330
sctg_417	111451	2	2332
sctg_418	120216	2	2334
sctg_419	111904	2	2336
sctg_42	866109	9	2338
sctg_420	110665	2	2347
sctg_421	109109	1	2349
sctg_422	115125	2	2350
sctg_423	103715	2	2352
sctg_424	105883	2	2354
sctg_425	109994	2	2356
sctg_426	104510	2	2358
sctg_427	114725	1	2360
sctg_428	100991	1	2361
sctg_429	101912	2	2362
sctg_43	857596	9	2364
sctg_430	101059	1	2373
sctg_431	97116	2	2374
sctg_432	101588	1	2376
sctg_433	104593	1	2377
sctg_434	98862	1	2378
sctg_435	103980	1	2379
sctg_436	99304	1	2380
sctg_437	101602	1	2381
sctg_438	99637	1	2382
sctg_439	98750	1	2383
sctg_44	843311	8	2384
sctg_440	99883	1	2392
sctg_441	103104	1	2393
sctg_442	96744	1	2394
sctg_443	102816	1	2395
sctg_444	97518	1	2396
sctg_445	94858	2	2397
sctg_446	97693	1	2399
sctg_447	93235	1	2400
sctg_448	93912	1	2401
sctg_449	93975	1	2402
sctg_45	817014	8	2403
sctg_450	92860	1	2411
sctg_451	90810	1	2412
sctg_452	89890	1	2413
sctg_453	91069	1	2414
sctg_454	90554	1	2415
sctg_455	94836	1	2416
sctg_456	90181	1	2417
sctg_457	86411	1	2418
sctg_458	89443	1	2419
sctg_459	89364	1	2420
sctg_46	824927	8	2421
sctg_460	88216	1	2429
sctg_461	90824	1	2430
sctg_462	87688	1	2431
sctg_463	98479	2	2432
sctg_464	88158	1	2434
sctg_465	94040	1	2435
sctg_466	85583	1	2436
sctg_467	88073	1	2437
sctg_468	79423	1	2438
sctg_469	83892	1	2439
sctg_47	806785	8	2440
sctg_470	85960	1	2448
sctg_471	82910	1	2449
sctg_472	80207	1	2450
sctg_473	84021	1	2451
sctg_474	84980	1	2452
sctg_475	82771	1	2453
sctg_476	81377	1	2454
sctg_477	80965	1	2455
sctg_478	79439	1	2456
sctg_479	81343	1	2457
sctg_48	809313	8	2458
sctg_480	86757	1	2466
sctg_481	80082	1	2467
sctg_482	86188	1	2468
sctg_483	78756	1	2469
sctg_484	78648	1	2470
sctg_485	77645	1	2471
sctg_486	77004	1	2472
sctg_487	75216	1	2473
sctg_488	77912	2	2474
sctg_489	74531	1	2476
sctg_49	789073	8	2477
sctg_490	74018	1	2485
sctg_491	77015	1	2486
sctg_492	76577	1	2487
sctg_493	83472	1	2488
sctg_494	74445	1	2489
sctg_495	72752	1	2490
sctg_496	70336	1	2491
sctg_497	72037	1	2492
sctg_498	70507	1	2493
sctg_499	73115	1	2494
sctg_5	1591957	16	2495
sctg_50	778596	8	2511
sctg_500	77483	2	2519
sctg_501	71789	1	2521
sctg_502	73157	2	2522
sctg_503	71222	1	2524
sctg_504	70818	2	2525
sctg_505	69173	1	2527
sctg_506	73502	2	2528
sctg_507	69994	2	2530
sctg_508	65472	2	2532
sctg_509	66621	2	2534
sctg_51	782261	8	2536
sctg_510	66590	2	2544
sctg_511	67055	1	2546
sctg_512	67356	1	2547
sctg_513	64149	1	2548
sctg_514	64508	2	2549
sctg_515	63354	2	2551
sctg_516	63439	2	2553
sctg_517	63895	2	2555
sctg_518	65298	2	2557
sctg_519	61490	2	2559
sctg_52	776744	9	2561
sctg_520	64793	2	2570
sctg_521	63899	2	2572
sctg_522	61700	2	2574
sctg_523	59818	2	2576
sctg_524	60452	2	2578
sctg_525	57526	2	2580
sctg_526	57296	2	2582
sctg_527	59073	2	2584
sctg_528	56950	2	2586
sctg_529	58917	2	2588
sctg_53	783420	8	2590
sctg_530	57181	2	2598
sctg_531	55520	2	2600
sctg_532	55297	2	2602
sctg_533	59501	2	2604
sctg_534	71502	2	2606
sctg_535	54074	2	2608
sctg_536	55883	2	2610
sctg_537	54110	2	2612
sctg_538	51375	2	2614
sctg_539	50649	2	2616
sctg_54	777257	8	2618
sctg_540	67011	2	2626
sctg_541	55175	2	2628
sctg_542	53309	2	2630
sctg_543	47824	2	2632
sctg_544	56549	2	2634
sctg_545	54160	2	2636
sctg_546	50860	2	2638
sctg_547	49362	2	2640
sctg_548	49446	2	2642
sctg_549	50165	2	2644
sctg_55	759589	8	2646
sctg_550	48804	2	2654
sctg_551	50726	2	2656
sctg_552	51451	2	2658
sctg_553	50645	2	2660
sctg_554	49437	2	2662
sctg_555	44279	2	2664
sctg_556	51267	2	2666
sctg_557	49511	2	2668
sctg_558	48212	2	2670
sctg_559	47338	2	2672
sctg_56	771551	8	2674
sctg_560	49199	2	2682
sctg_561	50585	2	2684
sctg_562	46658	2	2686
sctg_563	49373	2	2688
sctg_564	45876	2	2690
sctg_565	44715	2	2692
sctg_566	55074	2	2694
sctg_567	47575	2	2696
sctg_568	47111	2	2698
sctg_569	43431	2	2700
sctg_57	761978	8	2702
sctg_570	44006	2	2710
sctg_571	42377	2	2712
sctg_572	43288	2	2714
sctg_573	39726	1	2716
sctg_574	42826	2	2717
sctg_575	42123	2	2719
sctg_576	42630	2	2721
sctg_577	42443	2	2723
sctg_578	36100	2	2725
sctg_579	37291	1	2727
sctg_58	751488	8	2728
sctg_580	41406	2	2736
sctg_581	45049	2	2738
sctg_582	41392	2	2740
sctg_583	42006	2	2742
sctg_584	40523	2	2744
sctg_585	47840	2	2746
sctg_586	44174	2	2748
sctg_587	40745	1	2750
sctg_588	44922	2	2751
sctg_589	42871	2	2753
sctg_59	752795	8	2755
sctg_590	41963	2	2763
sctg_591	39502	2	2765
sctg_592	38235	2	2767
sctg_593	39992	1	2769
sctg_594	38435	2	2770
sctg_595	40049	2	2772
sctg_596	41098	2	2774
sctg_597	39462	1	2776
sctg_598	37862	2	2777
sctg_599	36540	2	2779
sctg_6	1394342	15	2781
sctg_60	758589	7	2796
sctg_600	40917	2	2803
sctg_601	34915	1	2805
sctg_602	36896	2	2806
sctg_603	36133	2	2808
sctg_604	37892	2	2810
sctg_605	38255	1	2812
sctg_606	35242	2	2813
sctg_607	44825	2	2815
sctg_608	34121	2	2817
sctg_609	33107	2	2819
sctg_61	756132	8	2821
sctg_610	33916	2	2829
sctg_611	36610	2	2831
sctg_612	47957	2	2833
sctg_613	36036	1	2835
sctg_614	34673	1	2836
sctg_615	33206	1	2837
sctg_616	33828	2	2838
sctg_617	41492	2	2840
sctg_618	33961	1	2842
sctg_619	33205	1	2843
sctg_62	751372	8	2844
sctg_620	36709	1	2852
sctg_621	36150	2	2853
sctg_622	32627	1	2855
sctg_623	37677	2	2856
sctg_624	32413	2	2858
sctg_625	33413	1	2860
sctg_626	34235	1	2861
sctg_627	31036	1	2862
sctg_628	29563	1	2863
sctg_629	31021	1	2864
sctg_63	728232	8	2865
sctg_630	26866	1	2873
sctg_631	32521	1	2874
sctg_632	34329	2	2875
sctg_633	29696	2	2877
sctg_634	35317	2	2879
sctg_635	31429	2	2881
sctg_636	29798	1	2883
sctg_637	29269	1	2884
sctg_638	29080	1	2885
sctg_639	27741	1	2886
sctg_64	732705	7	2887
sctg_640	33507	1	2894
sctg_641	28511	1	2895
sctg_642	27994	1	2896
sctg_643	31120	2	2897
sctg_644	30031	2	2899
sctg_645	27819	1	2901
sctg_646	32479	1	2902
sctg_647	28900	1	2903
sctg_648	29262	1	2904
sctg_649	26208	1	2905
sctg_65	739199	7	2906
sctg_650	34665	1	2913
sctg_651	27727	1	2914
sctg_652	25953	1	2915
sctg_653	27618	1	2916
sctg_654	25538	1	2917
sctg_655	29849	2	2918
sctg_656	29080	1	2920
sctg_657	25193	1	2921
sctg_658	25909	1	2922
sctg_659	24973	2	2923
sctg_66	709477	7	2925
sctg_660	24735	2	2932
sctg_661	26115	1	2934
sctg_662	24822	1	2935
sctg_663	24417	1	2936
sctg_665	24349	1	2937
sctg_666	24168	1	2938
sctg_668	22834	2	2939
sctg_669	25307	2	2941
sctg_67	698854	7	2943
sctg_670	24510	1	2950
sctg_671	24194	2	2951
sctg_672	23419	1	2953
sctg_673	22298	2	2954
sctg_674	23827	1	2956
sctg_675	24923	1	2957
sctg_676	23159	1	2958
sctg_677	23496	1	2959
sctg_678	24946	1	2960
sctg_679	22395	1	2961
sctg_68	683462	7	2962
sctg_680	28656	1	2969
sctg_681	23470	2	2970
sctg_682	25136	2	2972
sctg_683	22472	1	2974
sctg_684	22454	1	2975
sctg_685	30220	2	2976
sctg_686	22782	1	2978
sctg_687	21944	2	2979
sctg_688	22440	1	2981
sctg_689	21498	2	2982
sctg_69	690400	7	2984
sctg_690	21458	2	2991
sctg_691	21531	2	2993
sctg_692	21097	1	2995
sctg_693	21589	2	2996
sctg_694	28569	2	2998
sctg_696	20914	1	3000
sctg_697	19391	1	3001
sctg_698	20372	2	3002
sctg_699	20378	2	3004
sctg_7	1392435	14	3006
sctg_70	691862	7	3020
sctg_700	20646	2	3027
sctg_701	21084	2	3029
sctg_702	20015	2	3031
sctg_703	20702	2	3033
sctg_704	20979	2	3035
sctg_705	19948	2	3037
sctg_706	16827	1	3039
sctg_707	20622	2	3040
sctg_708	20988	1	3042
sctg_709	19182	2	3043
sctg_71	674171	7	3045
sctg_710	23473	2	3052
sctg_711	20708	2	3054
sctg_712	17996	2	3056
sctg_713	18912	2	3058
sctg_714	19434	2	3060
sctg_715	21970	2	3062
sctg_716	18486	2	3064
sctg_717	26922	2	3066
sctg_718	22991	2	3068
sctg_719	18081	2	3070
sctg_72	692038	7	3072
sctg_720	19832	2	3079
sctg_721	17968	2	3081
sctg_722	17946	2	3083
sctg_723	24417	1	3085
sctg_724	17862	2	3086
sctg_725	17874	2	3088
sctg_726	22931	1	3090
sctg_727	24197	2	3091
sctg_728	15535	1	3093
sctg_729	17795	2	3094
sctg_73	658169	7	3096
sctg_731	17172	2	3103
sctg_732	17025	2	3105
sctg_733	17008	2	3107
sctg_734	20819	2	3109
sctg_735	16729	2	3111
sctg_736	17393	2	3113
sctg_737	16493	2	3115
sctg_738	16558	2	3117
sctg_739	16312	2	3119
sctg_74	658846	7	3121
sctg_740	16411	2	3128
sctg_741	16264	2	3130
sctg_742	16208	2	3132
sctg_743	15244	2	3134
sctg_744	16098	2	3136
sctg_745	16778	2	3138
sctg_746	17776	2	3140
sctg_747	15166	2	3142
sctg_748	16644	2	3144
sctg_749	15657	1	3146
sctg_75	656041	7	3147
sctg_750	15596	2	3154
sctg_751	15430	2	3156
sctg_752	17124	2	3158
sctg_753	15301	2	3160
sctg_754	17496	2	3162
sctg_755	21490	1	3164
sctg_756	15532	2	3165
sctg_757	14994	2	3167
sctg_758	14831	2	3169
sctg_759	26740	2	3171
sctg_76	665784	7	3173
sctg_760	22148	2	3180
sctg_761	14517	2	3182
sctg_762	15629	2	3184
sctg_763	14362	2	3186
sctg_764	24314	2	3188
sctg_765	14857	2	3190
sctg_766	14312	2	3192
sctg_767	15630	2	3194
sctg_768	19801	1	3196
sctg_769	14128	2	3197
sctg_77	652918	7	3199
sctg_770	14784	1	3206
sctg_771	15120	2	3207
sctg_772	14011	2	3209
sctg_773	13991	2	3211
sctg_774	21203	2	3213
sctg_775	15067	2	3215
sctg_776	15091	2	3217
sctg_777	15241	2	3219
sctg_778	13507	2	3221
sctg_779	13519	2	3223
sctg_78	631341	7	3225
sctg_780	13452	2	3232
sctg_781	13420	2	3234
sctg_782	13291	2	3236
sctg_783	13178	2	3238
sctg_784	13139	2	3240
sctg_785	13010	2	3242
sctg_786	14979	1	3244
sctg_787	14469	2	3245
sctg_788	12931	2	3247
sctg_789	12675	2	3249
sctg_79	621788	7	3251
sctg_790	17048	1	3258
sctg_791	12410	1	3259
sctg_792	12581	2	3260
sctg_794	12451	1	3262
sctg_795	12324	2	3263
sctg_796	12207	1	3265
sctg_797	12205	2	3266
sctg_798	12171	1	3268
sctg_799	12048	1	3269
sctg_8	1290822	14	3270
sctg_80	620644	6	3284
sctg_800	12729	1	3290
sctg_801	12003	2	3291
sctg_802	11767	1	3293
sctg_803	11724	2	3294
sctg_804	11820	2	3296
sctg_805	17970	2	3298
sctg_806	12602	2	3300
sctg_807	11535	2	3302
sctg_808	11352	2	3304
sctg_809	11279	2	3306
sctg_81	626741	6	3308
sctg_812	11142	2	3314
sctg_813	11516	1	3316
sctg_814	10470	1	3317
sctg_815	12823	2	3318
sctg_816	11053	1	3320
sctg_817	11622	1	3321
sctg_818	10904	1	3322
sctg_819	10795	1	3323
sctg_82	604434	7	3324
sctg_820	10757	1	3331
sctg_821	18537	2	3332
sctg_823	11307	2	3334
sctg_825	10694	1	3336
sctg_826	14728	2	3337
sctg_828	14071	1	3339
sctg_829	16835	2	3340
sctg_83	599927	7	3342
sctg_830	12259	2	3349
sctg_831	12198	1	3351
sctg_832	10345	1	3352
sctg_833	14785	1	3353
sctg_834	10078	2	3354
sctg_835	10033	1	3356
sctg_836	10020	1	3357
sctg_837	9944	2	3358
sctg_838	9880	2	3360
sctg_839	11064	1	3362
sctg_84	599728	6	3363
sctg_840	10083	1	3369
sctg_841	9786	2	3370
sctg_842	9786	1	3372
sctg_843	9914	2	3373
sctg_844	10323	2	3375
sctg_845	9610	1	3377
sctg_846	9531	2	3378
sctg_847	14396	2	3380
sctg_848	11953	2	3382
sctg_849	9333	2	3384
sctg_85	597816	7	3386
sctg_850	9322	1	3393
sctg_851	11127	1	3394
sctg_852	9269	1	3395
sctg_854	11117	2	3396
sctg_855	9247	1	3398
sctg_856	9267	2	3399
sctg_857	9249	1	3401
sctg_858	9240	1	3402
sctg_859	9240	2	3403
sctg_86	590616	6	3405
sctg_860	9233	1	3411
sctg_861	9215	1	3412
sctg_862	9213	1	3413
sctg_863	9207	2	3414
sctg_864	9204	1	3416
sctg_865	9203	1	3417
sctg_866	9201	1	3418
sctg_867	9199	1	3419
sctg_868	9194	1	3420
sctg_869	9192	1	3421
sctg_87	577442	6	3422
sctg_871	9179	2	3428
sctg_872	9168	1	3430
sctg_873	9168	1	3431
sctg_874	9120	1	3432
sctg_875	9161	1	3433
sctg_876	9161	1	3434
sctg_877	9156	1	3435
sctg_878	9155	1	3436
sctg_879	9155	1	3437
sctg_88	574566	6	3438
sctg_880	9152	2	3444
sctg_881	9152	1	3446
sctg_882	9151	2	3447
sctg_883	9148	1	3449
sctg_884	9143	1	3450
sctg_885	9129	1	3451
sctg_887	9125	1	3452
sctg_888	9125	1	3453
sctg_889	9122	2	3454
sctg_89	572144	6	3456
sctg_890	9121	2	3462
sctg_891	9116	2	3464
sctg_892	9116	1	3466
sctg_894	9091	1	3467
sctg_895	9054	2	3468
sctg_896	9083	1	3470
sctg_897	9067	1	3471
sctg_898	9063	2	3472
sctg_899	9061	1	3474
sctg_9	1293259	14	3475
sctg_90	565590	6	3489
sctg_900	9054	1	3495
sctg_901	9038	1	3496
sctg_902	7149	1	3497
sctg_903	8999	1	3498
sctg_904	8998	1	3499
sctg_905	8976	1	3500
sctg_906	8991	1	3501
sctg_907	8758	2	3502
sctg_908	8947	2	3504
sctg_909	8918	1	3506
sctg_91	564384	6	3507
sctg_910	8910	1	3513
sctg_911	8907	1	3514
sctg_912	12722	2	3515
sctg_913	9832	1	3517
sctg_914	8833	2	3518
sctg_915	8872	1	3520
sctg_916	8853	1	3521
sctg_917	12255	2	3522
sctg_918	8825	1	3524
sctg_919	10260	1	3525
sctg_92	558846	6	3526
sctg_920	9980	2	3532
sctg_921	11147	1	3534
sctg_922	8730	1	3535
sctg_923	8820	1	3536
sctg_924	8699	1	3537
sctg_925	8686	1	3538
sctg_926	8608	1	3539
sctg_927	8680	1	3540
sctg_928	14557	2	3541
sctg_929	8524	2	3543
sctg_93	551564	6	3545
sctg_930	8537	1	3551
sctg_931	8506	1	3552
sctg_932	8503	1	3553
sctg_933	9265	1	3554
sctg_934	8431	1	3555
sctg_935	8412	1	3556
sctg_936	8378	1	3557
sctg_938	8268	1	3558
sctg_939	8267	1	3559
sctg_94	544140	6	3560
sctg_940	8261	2	3566
sctg_941	8217	1	3568
sctg_942	8971	1	3569
sctg_943	8208	1	3570
sctg_944	8207	2	3571
sctg_945	8132	2	3573
sctg_946	8117	1	3575
sctg_947	9031	1	3576
sctg_949	7948	2	3577
sctg_95	539924	6	3579
sctg_950	7911	2	3585
sctg_951	7904	2	3587
sctg_952	9351	1	3589
sctg_953	10458	2	3590
sctg_954	14002	1	3592
sctg_955	7813	1	3593
sctg_956	11439	2	3594
sctg_958	14508	2	3596
sctg_959	15061	1	3598
sctg_96	553561	6	3599
sctg_960	8402	1	3605
sctg_961	7645	2	3606
sctg_962	7644	2	3608
sctg_963	7643	2	3610
sctg_964	9185	2	3612
sctg_965	7558	2	3614
sctg_966	8364	2	3616
sctg_967	7523	1	3618
sctg_968	7492	2	3619
sctg_969	7488	1	3621
sctg_97	551975	6	3622
sctg_970	7480	1	3628
sctg_971	7069	2	3629
sctg_972	7550	2	3631
sctg_973	7526	2	3633
sctg_975	7488	2	3635
sctg_976	7380	2	3637
sctg_977	7654	1	3639
sctg_978	11326	1	3640
sctg_979	7315	1	3641
sctg_98	527895	5	3642
sctg_980	7282	1	3647
sctg_981	7501	2	3648
sctg_982	12360	2	3650
sctg_983	7254	2	3652
sctg_984	13464	2	3654
sctg_985	8100	2	3656
sctg_986	7184	1	3658
sctg_987	9975	1	3659
sctg_988	7227	2	3660
sctg_99	541954	6	3662
sctg_990	7105	2	3668
sctg_991	7070	1	3670
sctg_993	13104	2	3671
sctg_994	6914	2	3673
sctg_995	6895	1	3675
sctg_996	10734	2	3676
sctg_997	6840	2	3678
sctg_998	6818	2	3680
sctg_999	6999	1	3682
sctg_667	27246	2	3683
