current_id	super_id
1	1
2	1
3	1
4	2
5	2
6	2
7	3
8	3
9	3
10	4
11	4
12	4
13	5
14	5
15	5
16	6
17	6
18	6
19	7
20	7
21	7
22	8
23	8
24	8
25	9
26	9
27	9
28	10
29	10
30	10
31	11
32	11
33	11
34	12
35	12
36	12
37	13
38	14
39	14
40	14
41	15
42	15
43	15
44	16
45	16
46	16
47	17
48	17
49	17
50	18
51	18
52	19
53	19
54	19
55	20
56	20
57	20
58	21
59	22
60	23
61	24
62	25
63	26
64	27
65	28
66	29
67	30
68	31
69	32
70	33
71	34
72	35
73	36
74	36
75	36
76	37
77	37
78	37
79	38
80	39
81	40
82	41
83	42
84	43
85	44
86	45
87	46
88	47
89	48
90	49
91	50
92	51
93	52
94	53
95	54
96	54
97	54
98	55
99	55
100	55
101	56
102	57
103	58
104	59
105	60
106	61
107	62
108	63
109	64
110	65
111	66
112	67
113	68
114	69
115	69
116	69
117	70
118	70
119	71
120	72
121	73
122	74
123	75
124	76
125	77
126	78
127	79
128	80
129	81
130	82
131	83
132	84
133	85
134	86
135	86
136	86
137	87
138	87
139	88
140	89
141	90
142	91
143	92
144	93
145	94
146	95
147	96
148	97
149	98
150	99
151	100
152	101
153	102
154	103
155	104
156	105
157	106
158	106
159	106
160	107
161	107
162	108
163	109
164	110
165	111
166	112
167	113
168	114
169	115
170	116
171	117
172	118
173	119
174	120
175	120
176	120
177	121
178	121
179	121
180	122
181	123
182	124
183	125
184	126
185	127
186	128
187	129
188	130
189	131
190	132
191	133
192	134
193	135
194	136
195	137
196	137
197	137
198	138
199	138
200	139
201	140
202	141
203	142
204	143
205	144
206	145
207	146
208	147
209	148
210	149
211	150
212	151
213	152
214	153
215	154
216	155
217	155
218	155
219	156
220	156
221	156
222	157
223	158
224	159
225	160
226	161
227	162
228	163
229	164
230	165
231	166
232	167
233	168
234	169
235	170
236	171
237	172
238	173
239	174
240	175
241	175
242	175
243	176
244	176
245	176
246	177
247	178
248	179
249	180
250	181
251	182
252	183
253	184
254	185
255	186
256	187
257	188
258	189
259	190
260	191
261	192
262	192
263	192
264	193
265	193
266	193
267	194
268	194
269	194
270	195
271	195
272	195
273	196
274	197
275	197
276	197
277	198
278	198
279	199
280	200
281	201
282	202
283	203
284	204
285	205
286	206
287	207
288	208
289	209
290	210
291	211
292	212
293	213
294	214
295	215
296	215
297	215
298	216
299	216
300	217
301	218
302	219
303	220
304	221
305	222
306	223
307	224
308	225
309	226
310	227
311	228
312	229
313	230
314	231
315	232
316	233
317	234
318	235
319	235
320	235
321	236
322	236
323	237
324	238
325	239
326	240
327	241
328	242
329	243
330	244
331	245
332	246
333	247
334	248
335	248
336	248
337	249
338	249
339	250
340	251
341	252
342	253
343	254
344	255
345	256
346	257
347	258
348	259
349	260
350	261
351	262
352	263
353	264
354	265
355	265
356	265
357	266
358	266
359	267
360	268
361	269
362	270
363	271
364	272
365	273
366	274
367	275
368	276
369	277
370	278
371	279
372	280
373	281
374	281
375	281
376	282
377	282
378	283
379	284
380	285
381	286
382	287
383	288
384	289
385	290
386	291
387	292
388	293
389	294
390	294
391	294
392	295
393	295
394	296
395	297
396	298
397	299
398	300
399	301
400	302
401	303
402	304
403	305
404	306
405	307
406	308
407	309
408	309
409	309
410	310
411	310
412	311
413	312
414	313
415	314
416	315
417	316
418	317
419	318
420	319
421	320
422	320
423	320
424	321
425	321
426	322
427	323
428	324
429	325
430	326
431	327
432	328
433	329
434	330
435	331
436	332
437	332
438	332
439	333
440	333
441	333
442	334
443	335
444	336
445	337
446	338
447	339
448	340
449	341
450	342
451	343
452	343
453	343
454	344
455	344
456	344
457	345
458	345
459	345
460	346
461	346
462	346
463	347
464	347
465	347
466	348
467	348
468	349
469	350
470	351
471	352
472	353
473	354
474	355
475	356
476	357
477	358
478	358
479	358
480	359
481	359
482	360
483	361
484	362
485	363
486	364
487	365
488	365
489	365
490	366
491	366
492	367
493	368
494	368
495	368
496	369
497	369
498	370
499	371
500	372
501	373
502	374
503	375
504	376
505	377
506	377
507	377
508	378
509	378
510	379
511	380
512	381
513	382
514	383
515	384
516	385
517	385
518	385
519	386
520	386
521	387
522	388
523	389
524	390
525	391
526	392
527	393
528	394
529	395
530	396
531	397
532	398
533	398
534	398
535	399
536	399
537	400
538	401
539	402
540	403
541	404
542	404
543	404
544	405
545	405
546	406
547	407
548	408
549	409
550	410
551	411
552	412
553	413
554	414
555	415
556	416
557	417
558	417
559	417
560	418
561	418
562	419
563	420
564	421
565	422
566	423
567	424
568	425
569	426
570	427
571	428
572	428
573	428
574	429
575	429
576	430
577	431
578	432
579	433
580	434
581	435
582	436
583	437
584	438
585	439
586	440
587	441
588	441
589	441
590	442
591	442
592	442
593	443
594	443
595	443
596	444
597	444
598	444
599	445
600	445
601	445
602	446
603	446
604	447
605	448
606	449
607	450
608	451
609	452
610	453
611	454
612	455
613	456
614	456
615	456
616	457
617	457
618	458
619	459
620	460
621	461
622	462
623	462
624	462
625	463
626	463
627	464
628	465
629	466
630	467
631	468
632	468
633	468
634	469
635	469
636	470
637	471
638	472
639	473
640	474
641	475
642	476
643	477
644	478
645	479
646	480
647	481
648	482
649	483
650	484
651	484
652	484
653	485
654	485
655	486
656	487
657	488
658	489
659	490
660	491
661	492
662	493
663	494
664	495
665	495
666	495
667	496
668	496
669	497
670	498
671	499
672	500
673	501
674	502
675	502
676	502
677	503
678	503
679	504
680	505
681	506
682	507
683	508
684	509
685	510
686	511
687	512
688	513
689	514
690	515
691	516
692	516
693	516
694	517
695	517
696	518
697	519
698	520
699	521
700	522
701	523
702	523
703	523
704	524
705	524
706	525
707	526
708	527
709	528
710	529
711	530
712	531
713	532
714	532
715	532
716	533
717	533
718	534
719	535
720	536
721	537
722	538
723	539
724	540
725	541
726	542
727	543
728	544
729	545
730	545
731	545
732	546
733	546
734	546
735	547
736	547
737	547
738	548
739	548
740	548
741	549
742	549
743	549
744	550
745	550
746	551
747	552
748	553
749	554
750	555
751	556
752	556
753	556
754	557
755	557
756	558
757	559
758	560
759	561
760	562
761	563
762	564
763	565
764	565
765	565
766	566
767	566
768	567
769	568
770	569
771	570
772	571
773	572
774	573
775	574
776	575
777	576
778	577
779	577
780	577
781	578
782	578
783	579
784	580
785	581
786	582
787	583
788	584
789	585
790	586
791	587
792	587
793	587
794	588
795	588
796	589
797	590
798	591
799	592
800	593
801	594
802	595
803	596
804	597
805	597
806	597
807	598
808	599
809	600
810	601
811	602
812	603
813	604
814	605
815	606
816	606
817	606
818	607
819	607
820	608
821	609
822	610
823	611
824	612
825	613
826	614
827	615
828	616
829	617
830	618
831	619
832	620
833	620
834	620
835	621
836	621
837	622
838	623
839	624
840	625
841	626
842	627
843	628
844	629
845	630
846	631
847	632
848	632
849	632
850	633
851	633
852	634
853	635
854	636
855	637
856	638
857	639
858	640
859	641
860	642
861	642
862	642
863	643
864	643
865	644
866	645
867	646
868	647
869	648
870	649
871	650
872	651
873	652
874	653
875	654
876	655
877	655
878	655
879	656
880	656
881	656
882	657
883	657
884	657
885	658
886	658
887	659
888	659
889	659
890	660
891	660
892	661
893	662
894	663
895	664
896	665
897	665
898	665
899	666
900	667
901	668
902	669
903	670
904	671
905	672
906	673
907	674
908	675
909	676
910	676
911	676
912	677
913	678
914	679
915	680
916	681
917	682
918	683
919	684
920	684
921	684
922	685
923	685
924	686
925	687
926	688
927	689
928	690
929	691
930	692
931	693
932	694
933	695
934	696
935	696
936	696
937	697
938	697
939	698
940	699
941	700
942	701
943	702
944	703
945	704
946	705
947	706
948	707
949	708
950	709
951	709
952	709
953	710
954	710
955	711
956	712
957	713
958	714
959	715
960	716
961	717
962	718
963	719
964	720
965	720
966	720
967	721
968	721
969	722
970	723
971	724
972	725
973	726
974	727
975	728
976	729
977	730
978	731
979	732
980	733
981	734
982	735
983	735
984	735
985	736
986	736
987	737
988	738
989	739
990	740
991	741
992	742
993	743
994	744
995	745
996	746
997	747
998	748
999	748
1000	748
1001	749
1002	750
1003	751
1004	752
1005	753
1006	754
1007	755
1008	756
1009	756
1010	756
1011	757
1012	758
1013	759
1014	760
1015	761
1016	762
1017	763
1018	764
1019	765
1020	766
1021	767
1022	768
1023	768
1024	768
1025	769
1026	769
1027	769
1028	770
1029	770
1030	770
1031	771
1032	771
1033	771
1034	772
1035	772
1036	772
1037	773
1038	773
1039	774
1040	775
1041	776
1042	777
1043	778
1044	779
1045	780
1046	781
1047	782
1048	782
1049	782
1050	783
1051	784
1052	785
1053	786
1054	787
1055	788
1056	789
1057	790
1058	791
1059	792
1060	793
1061	794
1062	794
1063	794
1064	795
1065	796
1066	797
1067	798
1068	799
1069	800
1070	801
1071	802
1072	803
1073	804
1074	804
1075	804
1076	805
1077	806
1078	807
1079	808
1080	809
1081	810
1082	811
1083	812
1084	813
1085	814
1086	815
1087	816
1088	817
1089	818
1090	818
1091	818
1092	819
1093	820
1094	821
1095	822
1096	823
1097	824
1098	825
1099	826
1100	827
1101	828
1102	829
1103	830
1104	831
1105	831
1106	831
1107	832
1108	833
1109	834
1110	835
1111	836
1112	837
1113	838
1114	839
1115	840
1116	841
1117	842
1118	842
1119	842
1120	843
1121	844
1122	845
1123	846
1124	847
1125	848
1126	849
1127	850
1128	851
1129	852
1130	853
1131	854
1132	855
1133	856
1134	857
1135	857
1136	857
1137	858
1138	859
1139	860
1140	861
1141	862
1142	863
1143	864
1144	865
1145	866
1146	867
1147	867
1148	867
1149	868
1150	868
1151	869
1152	870
1153	871
1154	872
1155	873
1156	874
1157	875
1158	876
1159	877
1160	878
1161	879
1162	879
1163	879
1164	880
1165	881
1166	882
1167	883
1168	884
1169	885
1170	886
1171	887
1172	887
1173	887
1174	888
1175	888
1176	888
1177	889
1178	889
1179	889
1180	890
1181	890
1182	890
1183	891
1184	891
1185	891
1186	892
1187	893
1188	894
1189	895
1190	896
1191	897
1192	898
1193	899
1194	900
1195	901
1196	902
1197	903
1198	904
1199	905
1200	905
1201	905
1202	906
1203	907
1204	908
1205	909
1206	910
1207	911
1208	912
1209	913
1210	914
1211	915
1212	916
1213	916
1214	916
1215	917
1216	918
1217	919
1218	920
1219	921
1220	922
1221	923
1222	924
1223	925
1224	926
1225	926
1226	926
1227	927
1228	928
1229	929
1230	930
1231	931
1232	932
1233	933
1234	934
1235	935
1236	936
1237	937
1238	938
1239	939
1240	940
1241	940
1242	940
1243	941
1244	942
1245	943
1246	944
1247	945
1248	946
1249	947
1250	948
1251	949
1252	950
1253	951
1254	952
1255	953
1256	954
1257	955
1258	956
1259	956
1260	956
1261	957
1262	958
1263	959
1264	960
1265	961
1266	962
1267	963
1268	964
1269	965
1270	966
1271	967
1272	968
1273	969
1274	969
1275	969
1276	970
1277	971
1278	972
1279	973
1280	974
1281	975
1282	976
1283	977
1284	978
1285	979
1286	980
1287	981
1288	981
1289	981
1290	982
1291	983
1292	984
1293	985
1294	986
1295	987
1296	988
1297	989
1298	990
1299	990
1300	990
1301	991
1302	992
1303	993
1304	994
1305	995
1306	996
1307	997
1308	998
1309	999
1310	1000
1311	1001
1312	1002
1313	1003
1314	1004
1315	1004
1316	1004
1317	1005
1318	1006
1319	1007
1320	1008
1321	1009
1322	1010
1323	1011
1324	1012
1325	1013
1326	1014
1327	1015
1328	1016
1329	1016
1330	1016
1331	1017
1332	1017
1333	1017
1334	1018
1335	1018
1336	1018
1337	1019
1338	1019
1339	1020
1340	1020
1341	1020
1342	1021
1343	1022
1344	1023
1345	1024
1346	1025
1347	1026
1348	1027
1349	1028
1350	1029
1351	1030
1352	1031
1353	1032
1354	1033
1355	1033
1356	1033
1357	1034
1358	1035
1359	1036
1360	1037
1361	1038
1362	1039
1363	1040
1364	1041
1365	1042
1366	1043
1367	1044
1368	1045
1369	1046
1370	1047
1371	1047
1372	1047
1373	1048
1374	1049
1375	1050
1376	1051
1377	1052
1378	1053
1379	1054
1380	1055
1381	1056
1382	1056
1383	1056
1384	1057
1385	1058
1386	1059
1387	1060
1388	1061
1389	1062
1390	1063
1391	1064
1392	1065
1393	1066
1394	1067
1395	1068
1396	1069
1397	1070
1398	1070
1399	1070
1400	1071
1401	1072
1402	1073
1403	1074
1404	1075
1405	1076
1406	1077
1407	1078
1408	1079
1409	1080
1410	1081
1411	1082
1412	1083
1413	1084
1414	1084
1415	1084
1416	1085
1417	1086
1418	1087
1419	1088
1420	1089
1421	1090
1422	1091
1423	1092
1424	1093
1425	1094
1426	1094
1427	1094
1428	1095
1429	1096
1430	1097
1431	1098
1432	1099
1433	1100
1434	1101
1435	1102
1436	1103
1437	1104
1438	1105
1439	1105
1440	1105
1441	1106
1442	1107
1443	1108
1444	1109
1445	1110
1446	1111
1447	1112
1448	1113
1449	1114
1450	1115
1451	1116
1452	1117
1453	1118
1454	1118
1455	1118
1456	1119
1457	1120
1458	1121
1459	1122
1460	1123
1461	1124
1462	1125
1463	1126
1464	1127
1465	1128
1466	1129
1467	1130
1468	1131
1469	1132
1470	1132
1471	1132
1472	1133
1473	1134
1474	1135
1475	1136
1476	1137
1477	1138
1478	1139
1479	1140
1480	1141
1481	1142
1482	1143
1483	1144
1484	1145
1485	1146
1486	1147
1487	1148
1488	1149
1489	1149
1490	1149
1491	1150
1492	1150
1493	1150
1494	1151
1495	1151
1496	1151
1497	1152
1498	1152
1499	1152
1500	1153
1501	1153
1502	1153
1503	1154
1504	1155
1505	1155
1506	1155
1507	1156
1508	1157
1509	1157
1510	1157
1511	1158
1512	1159
1513	1159
1514	1159
1515	1160
1516	1161
1517	1161
1518	1161
1519	1162
1520	1163
1521	1163
1522	1163
1523	1164
1524	1165
1525	1165
1526	1165
1527	1166
1528	1167
1529	1167
1530	1167
1531	1168
1532	1168
1533	1168
1534	1169
1535	1169
1536	1169
1537	1170
1538	1171
1539	1171
1540	1171
1541	1172
1542	1172
1543	1172
1544	1173
1545	1173
1546	1173
1547	1174
1548	1174
1549	1174
1550	1175
1551	1175
1552	1175
1553	1176
1554	1176
1555	1176
1556	1177
1557	1177
1558	1178
1559	1178
1560	1178
1561	1179
1562	1179
1563	1179
1564	1180
1565	1180
1566	1180
1567	1181
1568	1181
1569	1182
1570	1182
1571	1182
1572	1183
1573	1184
1574	1184
1575	1184
1576	1185
1577	1185
1578	1185
1579	1186
1580	1186
1581	1186
1582	1187
1583	1187
1584	1187
1585	1188
1586	1188
1587	1188
1588	1189
1589	1190
1590	1190
1591	1190
1592	1191
1593	1191
1594	1191
1595	1192
1596	1193
1597	1193
1598	1193
1599	1194
1600	1195
1601	1195
1602	1195
1603	1196
1604	1196
1605	1196
1606	1197
1607	1197
1608	1197
1609	1198
1610	1198
1611	1198
1612	1199
1613	1199
1614	1200
1615	1200
1616	1200
1617	1201
1618	1201
1619	1201
1620	1202
1621	1202
1622	1202
1623	1203
1624	1203
1625	1203
1626	1204
1627	1205
1628	1205
1629	1205
1630	1206
1631	1206
1632	1206
1633	1207
1634	1207
1635	1207
1636	1208
1637	1208
1638	1208
1639	1209
1640	1209
1641	1209
1642	1210
1643	1210
1644	1210
1645	1211
1646	1211
1647	1211
1648	1212
1649	1212
1650	1212
1651	1213
1652	1213
1653	1213
1654	1214
1655	1214
1656	1215
1657	1215
1658	1215
1659	1216
1660	1216
1661	1216
1662	1217
1663	1217
1664	1217
1665	1218
1666	1218
1667	1218
1668	1219
1669	1220
1670	1220
1671	1220
1672	1221
1673	1221
1674	1221
1675	1222
1676	1222
1677	1222
1678	1223
1679	1223
1680	1223
1681	1224
1682	1224
1683	1224
1684	1225
1685	1225
1686	1225
1687	1226
1688	1226
1689	1226
1690	1227
1691	1227
1692	1227
1693	1228
1694	1228
1695	1228
1696	1229
1697	1230
1698	1230
1699	1230
1700	1231
1701	1231
1702	1231
1703	1232
1704	1232
1705	1232
1706	1233
1707	1233
1708	1233
1709	1234
1710	1234
1711	1234
1712	1235
1713	1235
1714	1235
1715	1236
1716	1236
1717	1236
1718	1237
1719	1237
1720	1237
1721	1238
1722	1238
1723	1238
1724	1239
1725	1239
1726	1239
1727	1240
1728	1240
1729	1240
1730	1241
1731	1241
1732	1241
1733	1242
1734	1242
1735	1242
1736	1243
1737	1244
1738	1244
1739	1244
1740	1245
1741	1245
1742	1245
1743	1246
1744	1246
1745	1246
1746	1247
1747	1247
1748	1247
1749	1248
1750	1248
1751	1248
1752	1249
1753	1249
1754	1249
1755	1250
1756	1250
1757	1250
1758	1251
1759	1251
1760	1251
1761	1252
1762	1252
1763	1252
1764	1253
1765	1253
1766	1253
1767	1254
1768	1254
1769	1254
1770	1255
1771	1255
1772	1255
1773	1256
1774	1256
1775	1256
1776	1257
1777	1257
1778	1258
1779	1258
1780	1258
1781	1259
1782	1259
1783	1259
1784	1260
1785	1260
1786	1260
1787	1261
1788	1261
1789	1261
1790	1262
1791	1262
1792	1262
1793	1263
1794	1263
1795	1263
1796	1264
1797	1264
1798	1264
1799	1265
1800	1265
1801	1265
1802	1266
1803	1266
1804	1266
1805	1267
1806	1267
1807	1267
1808	1268
1809	1268
1810	1268
1811	1269
1812	1269
1813	1269
1814	1270
1815	1270
1816	1270
1817	1271
1818	1272
1819	1272
1820	1272
1821	1273
1822	1273
1823	1273
1824	1274
1825	1274
1826	1274
1827	1275
1828	1275
1829	1275
1830	1276
1831	1276
1832	1276
1833	1277
1834	1277
1835	1277
1836	1278
1837	1278
1838	1278
1839	1279
1840	1280
1841	1281
1842	1281
1843	1281
1844	1282
1845	1282
1846	1282
1847	1283
1848	1283
1849	1283
1850	1284
1851	1284
1852	1284
1853	1285
1854	1285
1855	1285
1856	1286
1857	1287
1858	1287
1859	1287
1860	1288
1861	1288
1862	1288
1863	1289
1864	1289
1865	1289
1866	1290
1867	1290
1868	1290
1869	1291
1870	1291
1871	1291
1872	1292
1873	1292
1874	1292
1875	1293
1876	1293
1877	1293
1878	1294
1879	1295
1880	1296
1881	1296
1882	1296
1883	1297
1884	1297
1885	1297
1886	1298
1887	1298
1888	1298
1889	1299
1890	1299
1891	1299
1892	1300
1893	1300
1894	1300
1895	1301
1896	1302
1897	1303
1898	1304
1899	1304
1900	1304
1901	1305
1902	1306
1903	1307
1904	1308
1905	1309
1906	1310
1907	1311
1908	1312
1909	1313
1910	1314
1911	1315
1912	1315
1913	1315
1914	1316
1915	1317
1916	1318
1917	1318
1918	1318
1919	1319
1920	1319
1921	1319
1922	1320
1923	1320
1924	1320
1925	1321
1926	1321
1927	1321
1928	1322
1929	1323
1930	1324
1931	1325
1932	1325
1933	1325
1934	1326
1935	1327
1936	1328
1937	1329
1938	1330
1939	1331
1940	1332
1941	1333
1942	1334
1943	1334
1944	1334
1945	1335
1946	1336
1947	1337
1948	1337
1949	1337
1950	1338
1951	1339
1952	1340
1953	1340
1954	1340
1955	1341
1956	1341
1957	1341
1958	1342
1959	1342
1960	1342
1961	1343
1962	1343
1963	1343
1964	1344
1965	1344
1966	1344
1967	1345
1968	1345
1969	1346
1970	1346
1971	1346
1972	1347
1973	1347
1974	1347
1975	1348
1976	1348
1977	1348
1978	1349
1979	1350
1980	1351
1981	1352
1982	1353
1983	1354
1984	1354
1985	1354
1986	1355
1987	1356
1988	1357
1989	1358
1990	1359
1991	1360
1992	1361
1993	1362
1994	1363
1995	1364
1996	1365
1997	1366
1998	1367
1999	1368
2000	1369
2001	1369
2002	1369
2003	1370
2004	1370
2005	1370
2006	1371
2007	1371
2008	1371
2009	1372
2010	1373
2011	1374
2012	1375
2013	1376
2014	1377
2015	1378
2016	1379
2017	1380
2018	1381
2019	1382
2020	1383
2021	1384
2022	1385
2023	1386
2024	1387
2025	1388
2026	1389
2027	1390
2028	1391
2029	1392
2030	1393
2031	1393
2032	1393
2033	1394
2034	1394
2035	1394
2036	1395
2037	1395
2038	1395
2039	1396
2040	1397
2041	1398
2042	1399
2043	1400
2044	1401
2045	1402
2046	1403
2047	1404
2048	1405
2049	1405
2050	1405
2051	1406
2052	1407
2053	1408
2054	1409
2055	1410
2056	1411
2057	1412
2058	1413
2059	1414
2060	1415
2061	1416
2062	1416
2063	1416
2064	1417
2065	1417
2066	1417
2067	1418
2068	1418
2069	1418
2070	1419
2071	1420
2072	1421
2073	1422
2074	1423
2075	1424
2076	1425
2077	1426
2078	1427
2079	1428
2080	1429
2081	1430
2082	1431
2083	1432
2084	1433
2085	1434
2086	1435
2087	1436
2088	1437
2089	1438
2090	1439
2091	1439
2092	1439
2093	1440
2094	1440
2095	1440
2096	1441
2097	1441
2098	1441
2099	1442
2100	1443
2101	1444
2102	1445
2103	1446
2104	1447
2105	1448
2106	1449
2107	1450
2108	1451
2109	1452
2110	1453
2111	1454
2112	1455
2113	1456
2114	1457
2115	1458
2116	1459
2117	1460
2118	1461
2119	1462
2120	1463
2121	1463
2122	1463
2123	1464
2124	1464
2125	1464
2126	1465
2127	1465
2128	1465
2129	1466
2130	1467
2131	1468
2132	1469
2133	1470
2134	1471
2135	1472
2136	1473
2137	1474
2138	1475
2139	1476
2140	1477
2141	1478
2142	1479
2143	1480
2144	1481
2145	1482
2146	1483
2147	1484
2148	1485
2149	1486
2150	1487
2151	1487
2152	1487
2153	1488
2154	1488
2155	1488
2156	1489
2157	1489
2158	1489
2159	1490
2160	1491
2161	1492
2162	1493
2163	1494
2164	1495
2165	1496
2166	1497
2167	1498
2168	1499
2169	1500
2170	1501
2171	1502
2172	1503
2173	1504
2174	1505
2175	1506
2176	1507
2177	1508
2178	1509
2179	1510
2180	1510
2181	1510
2182	1511
2183	1511
2184	1511
2185	1512
2186	1512
2187	1512
2188	1513
2189	1514
2190	1515
2191	1516
2192	1517
2193	1518
2194	1519
2195	1520
2196	1521
2197	1522
2198	1523
2199	1524
2200	1525
2201	1526
2202	1527
2203	1528
2204	1529
2205	1530
2206	1531
2207	1532
2208	1533
2209	1533
2210	1533
2211	1534
2212	1534
2213	1534
2214	1535
2215	1535
2216	1535
2217	1536
2218	1537
2219	1538
2220	1539
2221	1540
2222	1541
2223	1542
2224	1543
2225	1544
2226	1545
2227	1546
2228	1547
2229	1548
2230	1549
2231	1550
2232	1551
2233	1552
2234	1553
2235	1554
2236	1555
2237	1556
2238	1556
2239	1556
2240	1557
2241	1557
2242	1557
2243	1558
2244	1558
2245	1558
2246	1559
2247	1560
2248	1561
2249	1562
2250	1563
2251	1564
2252	1565
2253	1566
2254	1567
2255	1568
2256	1569
2257	1570
2258	1571
2259	1572
2260	1573
2261	1574
2262	1575
2263	1576
2264	1577
2265	1577
2266	1577
2267	1578
2268	1578
2269	1578
2270	1579
2271	1579
2272	1579
2273	1580
2274	1580
2275	1580
2276	1581
2277	1581
2278	1581
2279	1582
2280	1582
2281	1583
2282	1583
2283	1583
2284	1584
2285	1584
2286	1584
2287	1585
2288	1585
2289	1585
2290	1586
2291	1587
2292	1588
2293	1589
2294	1590
2295	1591
2296	1592
2297	1593
2298	1594
2299	1595
2300	1596
2301	1597
2302	1598
2303	1599
2304	1600
2305	1601
2306	1602
2307	1603
2308	1604
2309	1605
2310	1606
2311	1606
2312	1606
2313	1607
2314	1607
2315	1607
2316	1608
2317	1608
2318	1608
2319	1609
2320	1610
2321	1611
2322	1612
2323	1613
2324	1614
2325	1615
2326	1616
2327	1617
2328	1618
2329	1619
2330	1620
2331	1621
2332	1622
2333	1623
2334	1624
2335	1625
2336	1626
2337	1627
2338	1628
2339	1629
2340	1629
2341	1629
2342	1630
2343	1630
2344	1630
2345	1631
2346	1631
2347	1631
2348	1632
2349	1633
2350	1634
2351	1635
2352	1636
2353	1637
2354	1638
2355	1639
2356	1640
2357	1641
2358	1642
2359	1643
2360	1644
2361	1645
2362	1646
2363	1647
2364	1648
2365	1649
2366	1649
2367	1649
2368	1650
2369	1650
2370	1650
2371	1651
2372	1651
2373	1651
2374	1652
2375	1653
2376	1654
2377	1655
2378	1656
2379	1657
2380	1658
2381	1659
2382	1660
2383	1661
2384	1662
2385	1663
2386	1663
2387	1663
2388	1664
2389	1664
2390	1664
2391	1665
2392	1665
2393	1666
2394	1667
2395	1668
2396	1669
2397	1670
2398	1671
2399	1672
2400	1673
2401	1674
2402	1675
2403	1676
2404	1677
2405	1677
2406	1677
2407	1678
2408	1678
2409	1678
2410	1679
2411	1679
2412	1680
2413	1681
2414	1682
2415	1683
2416	1684
2417	1685
2418	1686
2419	1687
2420	1688
2421	1689
2422	1690
2423	1690
2424	1690
2425	1691
2426	1691
2427	1691
2428	1692
2429	1692
2430	1693
2431	1694
2432	1695
2433	1696
2434	1697
2435	1698
2436	1699
2437	1700
2438	1701
2439	1702
2440	1703
2441	1704
2442	1704
2443	1704
2444	1705
2445	1705
2446	1705
2447	1706
2448	1706
2449	1707
2450	1708
2451	1709
2452	1710
2453	1711
2454	1712
2455	1713
2456	1714
2457	1715
2458	1716
2459	1717
2460	1717
2461	1717
2462	1718
2463	1718
2464	1718
2465	1719
2466	1719
2467	1720
2468	1721
2469	1722
2470	1723
2471	1724
2472	1725
2473	1726
2474	1727
2475	1728
2476	1729
2477	1730
2478	1731
2479	1731
2480	1731
2481	1732
2482	1732
2483	1732
2484	1733
2485	1733
2486	1734
2487	1735
2488	1736
2489	1737
2490	1738
2491	1739
2492	1740
2493	1741
2494	1742
2495	1743
2496	1744
2497	1744
2498	1744
2499	1745
2500	1745
2501	1745
2502	1746
2503	1746
2504	1746
2505	1747
2506	1747
2507	1747
2508	1748
2509	1748
2510	1748
2511	1749
2512	1750
2513	1750
2514	1750
2515	1751
2516	1751
2517	1751
2518	1752
2519	1752
2520	1753
2521	1754
2522	1755
2523	1756
2524	1757
2525	1758
2526	1759
2527	1760
2528	1761
2529	1762
2530	1763
2531	1764
2532	1765
2533	1766
2534	1767
2535	1768
2536	1769
2537	1770
2538	1770
2539	1770
2540	1771
2541	1771
2542	1771
2543	1772
2544	1772
2545	1773
2546	1774
2547	1775
2548	1776
2549	1777
2550	1778
2551	1779
2552	1780
2553	1781
2554	1782
2555	1783
2556	1784
2557	1785
2558	1786
2559	1787
2560	1788
2561	1789
2562	1790
2563	1790
2564	1790
2565	1791
2566	1791
2567	1791
2568	1792
2569	1792
2570	1792
2571	1793
2572	1794
2573	1795
2574	1796
2575	1797
2576	1798
2577	1799
2578	1800
2579	1801
2580	1802
2581	1803
2582	1804
2583	1805
2584	1806
2585	1807
2586	1808
2587	1809
2588	1810
2589	1811
2590	1812
2591	1813
2592	1813
2593	1813
2594	1814
2595	1814
2596	1814
2597	1815
2598	1815
2599	1816
2600	1817
2601	1818
2602	1819
2603	1820
2604	1821
2605	1822
2606	1823
2607	1824
2608	1825
2609	1826
2610	1827
2611	1828
2612	1829
2613	1830
2614	1831
2615	1832
2616	1833
2617	1834
2618	1835
2619	1836
2620	1836
2621	1836
2622	1837
2623	1837
2624	1837
2625	1838
2626	1838
2627	1839
2628	1840
2629	1841
2630	1842
2631	1843
2632	1844
2633	1845
2634	1846
2635	1847
2636	1848
2637	1849
2638	1850
2639	1851
2640	1852
2641	1853
2642	1854
2643	1855
2644	1856
2645	1857
2646	1858
2647	1859
2648	1859
2649	1859
2650	1860
2651	1860
2652	1860
2653	1861
2654	1861
2655	1862
2656	1863
2657	1864
2658	1865
2659	1866
2660	1867
2661	1868
2662	1869
2663	1870
2664	1871
2665	1872
2666	1873
2667	1874
2668	1875
2669	1876
2670	1877
2671	1878
2672	1879
2673	1880
2674	1881
2675	1882
2676	1882
2677	1882
2678	1883
2679	1883
2680	1883
2681	1884
2682	1884
2683	1885
2684	1886
2685	1887
2686	1888
2687	1889
2688	1890
2689	1891
2690	1892
2691	1893
2692	1894
2693	1895
2694	1896
2695	1897
2696	1898
2697	1899
2698	1900
2699	1901
2700	1902
2701	1903
2702	1904
2703	1905
2704	1905
2705	1905
2706	1906
2707	1906
2708	1906
2709	1907
2710	1907
2711	1908
2712	1909
2713	1910
2714	1911
2715	1912
2716	1913
2717	1914
2718	1915
2719	1916
2720	1917
2721	1918
2722	1919
2723	1920
2724	1921
2725	1922
2726	1923
2727	1924
2728	1925
2729	1926
2730	1926
2731	1926
2732	1927
2733	1927
2734	1927
2735	1928
2736	1928
2737	1929
2738	1930
2739	1931
2740	1932
2741	1933
2742	1934
2743	1935
2744	1936
2745	1937
2746	1938
2747	1939
2748	1940
2749	1941
2750	1942
2751	1943
2752	1944
2753	1945
2754	1946
2755	1947
2756	1948
2757	1948
2758	1948
2759	1949
2760	1949
2761	1949
2762	1950
2763	1950
2764	1951
2765	1952
2766	1953
2767	1954
2768	1955
2769	1956
2770	1957
2771	1958
2772	1959
2773	1960
2774	1961
2775	1962
2776	1963
2777	1964
2778	1965
2779	1966
2780	1967
2781	1968
2782	1969
2783	1969
2784	1969
2785	1970
2786	1970
2787	1970
2788	1971
2789	1971
2790	1971
2791	1972
2792	1972
2793	1972
2794	1973
2795	1973
2796	1973
2797	1974
2798	1974
2799	1974
2800	1975
2801	1975
2802	1975
2803	1976
2804	1977
2805	1978
2806	1979
2807	1980
2808	1981
2809	1982
2810	1983
2811	1984
2812	1985
2813	1986
2814	1987
2815	1988
2816	1989
2817	1990
2818	1991
2819	1992
2820	1993
2821	1994
2822	1995
2823	1995
2824	1995
2825	1996
2826	1996
2827	1996
2828	1997
2829	1997
2830	1998
2831	1999
2832	2000
2833	2001
2834	2002
2835	2003
2836	2004
2837	2005
2838	2006
2839	2007
2840	2008
2841	2009
2842	2010
2843	2011
2844	2012
2845	2013
2846	2013
2847	2013
2848	2014
2849	2014
2850	2014
2851	2015
2852	2015
2853	2016
2854	2017
2855	2018
2856	2019
2857	2020
2858	2021
2859	2022
2860	2023
2861	2024
2862	2025
2863	2026
2864	2027
2865	2028
2866	2029
2867	2029
2868	2029
2869	2030
2870	2030
2871	2030
2872	2031
2873	2031
2874	2032
2875	2033
2876	2034
2877	2035
2878	2036
2879	2037
2880	2038
2881	2039
2882	2040
2883	2041
2884	2042
2885	2043
2886	2044
2887	2045
2888	2046
2889	2046
2890	2046
2891	2047
2892	2047
2893	2047
2894	2048
2895	2049
2896	2050
2897	2051
2898	2052
2899	2053
2900	2054
2901	2055
2902	2056
2903	2057
2904	2058
2905	2059
2906	2060
2907	2061
2908	2061
2909	2061
2910	2062
2911	2062
2912	2062
2913	2063
2914	2064
2915	2065
2916	2066
2917	2067
2918	2068
2919	2069
2920	2070
2921	2071
2922	2072
2923	2073
2924	2074
2925	2075
2926	2076
2927	2076
2928	2076
2929	2077
2930	2077
2931	2077
2932	2078
2933	2079
2934	2080
2935	2081
2936	2082
2937	2083
2938	2084
2939	2085
2940	2086
2941	2087
2942	2088
2943	2089
2944	2090
2945	2090
2946	2090
2947	2091
2948	2091
2949	2091
2950	2092
2951	2093
2952	2094
2953	2095
2954	2096
2955	2097
2956	2098
2957	2099
2958	2100
2959	2101
2960	2102
2961	2103
2962	2104
2963	2105
2964	2105
2965	2105
2966	2106
2967	2106
2968	2106
2969	2107
2970	2108
2971	2109
2972	2110
2973	2111
2974	2112
2975	2113
2976	2114
2977	2115
2978	2116
2979	2117
2980	2118
2981	2119
2982	2120
2983	2121
2984	2122
2985	2123
2986	2123
2987	2123
2988	2124
2989	2124
2990	2124
2991	2125
2992	2126
2993	2127
2994	2128
2995	2129
2996	2130
2997	2131
2998	2132
2999	2133
3000	2134
3001	2135
3002	2136
3003	2137
3004	2138
3005	2139
3006	2140
3007	2141
3008	2141
3009	2141
3010	2142
3011	2142
3012	2142
3013	2143
3014	2143
3015	2143
3016	2144
3017	2144
3018	2144
3019	2145
3020	2145
3021	2146
3022	2146
3023	2146
3024	2147
3025	2147
3026	2147
3027	2148
3028	2149
3029	2150
3030	2151
3031	2152
3032	2153
3033	2154
3034	2155
3035	2156
3036	2157
3037	2158
3038	2159
3039	2160
3040	2161
3041	2162
3042	2163
3043	2164
3044	2165
3045	2166
3046	2167
3047	2167
3048	2167
3049	2168
3050	2168
3051	2168
3052	2169
3053	2170
3054	2171
3055	2172
3056	2173
3057	2174
3058	2175
3059	2176
3060	2177
3061	2178
3062	2179
3063	2180
3064	2181
3065	2182
3066	2183
3067	2184
3068	2185
3069	2186
3070	2187
3071	2188
3072	2189
3073	2190
3074	2190
3075	2190
3076	2191
3077	2191
3078	2191
3079	2192
3080	2193
3081	2194
3082	2195
3083	2196
3084	2197
3085	2198
3086	2199
3087	2200
3088	2201
3089	2202
3090	2203
3091	2204
3092	2205
3093	2206
3094	2207
3095	2208
3096	2209
3097	2210
3098	2210
3099	2210
3100	2211
3101	2211
3102	2211
3103	2212
3104	2213
3105	2214
3106	2215
3107	2216
3108	2217
3109	2218
3110	2219
3111	2220
3112	2221
3113	2222
3114	2223
3115	2224
3116	2225
3117	2226
3118	2227
3119	2228
3120	2229
3121	2230
3122	2231
3123	2231
3124	2231
3125	2232
3126	2232
3127	2232
3128	2233
3129	2234
3130	2235
3131	2236
3132	2237
3133	2238
3134	2239
3135	2240
3136	2241
3137	2242
3138	2243
3139	2244
3140	2245
3141	2246
3142	2247
3143	2248
3144	2249
3145	2250
3146	2251
3147	2252
3148	2253
3149	2253
3150	2253
3151	2254
3152	2254
3153	2254
3154	2255
3155	2256
3156	2257
3157	2258
3158	2259
3159	2260
3160	2261
3161	2262
3162	2263
3163	2264
3164	2265
3165	2266
3166	2267
3167	2268
3168	2269
3169	2270
3170	2271
3171	2272
3172	2273
3173	2274
3174	2275
3175	2275
3176	2275
3177	2276
3178	2276
3179	2276
3180	2277
3181	2278
3182	2279
3183	2280
3184	2281
3185	2282
3186	2283
3187	2284
3188	2285
3189	2286
3190	2287
3191	2288
3192	2289
3193	2290
3194	2291
3195	2292
3196	2293
3197	2294
3198	2295
3199	2296
3200	2297
3201	2297
3202	2297
3203	2298
3204	2298
3205	2298
3206	2299
3207	2300
3208	2301
3209	2302
3210	2303
3211	2304
3212	2305
3213	2306
3214	2307
3215	2308
3216	2309
3217	2310
3218	2311
3219	2312
3220	2313
3221	2314
3222	2315
3223	2316
3224	2317
3225	2318
3226	2319
3227	2319
3228	2319
3229	2320
3230	2320
3231	2320
3232	2321
3233	2322
3234	2323
3235	2324
3236	2325
3237	2326
3238	2327
3239	2328
3240	2329
3241	2330
3242	2331
3243	2332
3244	2333
3245	2334
3246	2335
3247	2336
3248	2337
3249	2338
3250	2339
3251	2340
3252	2341
3253	2341
3254	2341
3255	2342
3256	2342
3257	2342
3258	2343
3259	2344
3260	2345
3261	2346
3262	2347
3263	2348
3264	2349
3265	2350
3266	2351
3267	2352
3268	2353
3269	2354
3270	2355
3271	2356
3272	2356
3273	2356
3274	2357
3275	2357
3276	2357
3277	2358
3278	2358
3279	2358
3280	2359
3281	2359
3282	2359
3283	2360
3284	2360
3285	2361
3286	2361
3287	2361
3288	2362
3289	2362
3290	2362
3291	2363
3292	2364
3293	2365
3294	2366
3295	2367
3296	2368
3297	2369
3298	2370
3299	2371
3300	2372
3301	2373
3302	2374
3303	2375
3304	2376
3305	2377
3306	2378
3307	2379
3308	2380
3309	2381
3310	2381
3311	2381
3312	2382
3313	2382
3314	2382
3315	2383
3316	2384
3317	2385
3318	2386
3319	2387
3320	2388
3321	2389
3322	2390
3323	2391
3324	2392
3325	2393
3326	2393
3327	2393
3328	2394
3329	2394
3330	2394
3331	2395
3332	2396
3333	2397
3334	2398
3335	2399
3336	2400
3337	2401
3338	2402
3339	2403
3340	2404
3341	2405
3342	2406
3343	2407
3344	2407
3345	2407
3346	2408
3347	2408
3348	2408
3349	2409
3350	2410
3351	2411
3352	2412
3353	2413
3354	2414
3355	2415
3356	2416
3357	2417
3358	2418
3359	2419
3360	2420
3361	2421
3362	2422
3363	2423
3364	2424
3365	2424
3366	2424
3367	2425
3368	2425
3369	2425
3370	2426
3371	2427
3372	2428
3373	2429
3374	2430
3375	2431
3376	2432
3377	2433
3378	2434
3379	2435
3380	2436
3381	2437
3382	2438
3383	2439
3384	2440
3385	2441
3386	2442
3387	2443
3388	2443
3389	2443
3390	2444
3391	2444
3392	2444
3393	2445
3394	2446
3395	2447
3396	2448
3397	2449
3398	2450
3399	2451
3400	2452
3401	2453
3402	2454
3403	2455
3404	2456
3405	2457
3406	2458
3407	2458
3408	2458
3409	2459
3410	2459
3411	2459
3412	2460
3413	2461
3414	2462
3415	2463
3416	2464
3417	2465
3418	2466
3419	2467
3420	2468
3421	2469
3422	2470
3423	2471
3424	2471
3425	2471
3426	2472
3427	2472
3428	2472
3429	2473
3430	2474
3431	2475
3432	2476
3433	2477
3434	2478
3435	2479
3436	2480
3437	2481
3438	2482
3439	2483
3440	2483
3441	2483
3442	2484
3443	2484
3444	2484
3445	2485
3446	2486
3447	2487
3448	2488
3449	2489
3450	2490
3451	2491
3452	2492
3453	2493
3454	2494
3455	2495
3456	2496
3457	2497
3458	2497
3459	2497
3460	2498
3461	2498
3462	2498
3463	2499
3464	2500
3465	2501
3466	2502
3467	2503
3468	2504
3469	2505
3470	2506
3471	2507
3472	2508
3473	2509
3474	2510
3475	2511
3476	2512
3477	2512
3478	2512
3479	2513
3480	2513
3481	2513
3482	2514
3483	2514
3484	2514
3485	2515
3486	2515
3487	2515
3488	2516
3489	2516
3490	2517
3491	2517
3492	2517
3493	2518
3494	2518
3495	2518
3496	2519
3497	2520
3498	2521
3499	2522
3500	2523
3501	2524
3502	2525
3503	2526
3504	2527
3505	2528
3506	2529
3507	2530
3508	2531
3509	2531
3510	2531
3511	2532
3512	2532
3513	2532
3514	2533
3515	2534
3516	2535
3517	2536
3518	2537
3519	2538
3520	2539
3521	2540
3522	2541
3523	2542
3524	2543
3525	2544
3526	2545
3527	2546
3528	2546
3529	2546
3530	2547
3531	2547
3532	2547
3533	2548
3534	2549
3535	2550
3536	2551
3537	2552
3538	2553
3539	2554
3540	2555
3541	2556
3542	2557
3543	2558
3544	2559
3545	2560
3546	2561
3547	2561
3548	2561
3549	2562
3550	2562
3551	2562
3552	2563
3553	2564
3554	2565
3555	2566
3556	2567
3557	2568
3558	2569
3559	2570
3560	2571
3561	2572
3562	2572
3563	2572
3564	2573
3565	2573
3566	2573
3567	2574
3568	2575
3569	2576
3570	2577
3571	2578
3572	2579
3573	2580
3574	2581
3575	2582
3576	2583
3577	2584
3578	2585
3579	2586
3580	2587
3581	2587
3582	2587
3583	2588
3584	2588
3585	2588
3586	2589
3587	2590
3588	2591
3589	2592
3590	2593
3591	2594
3592	2595
3593	2596
3594	2597
3595	2598
3596	2599
3597	2600
3598	2601
3599	2602
3600	2603
3601	2603
3602	2603
3603	2604
3604	2604
3605	2604
3606	2605
3607	2606
3608	2607
3609	2608
3610	2609
3611	2610
3612	2611
3613	2612
3614	2613
3615	2614
3616	2615
3617	2616
3618	2617
3619	2618
3620	2619
3621	2620
3622	2621
3623	2622
3624	2622
3625	2622
3626	2623
3627	2623
3628	2623
3629	2624
3630	2625
3631	2626
3632	2627
3633	2628
3634	2629
3635	2630
3636	2631
3637	2632
3638	2633
3639	2634
3640	2635
3641	2636
3642	2637
3643	2638
3644	2638
3645	2638
3646	2639
3647	2639
3648	2640
3649	2641
3650	2642
3651	2643
3652	2644
3653	2645
3654	2646
3655	2647
3656	2648
3657	2649
3658	2650
3659	2651
3660	2652
3661	2653
3662	2654
3663	2655
3664	2655
3665	2655
3666	2656
3667	2656
3668	2656
3669	2657
3670	2658
3671	2659
3672	2660
3673	2661
3674	2662
3675	2663
3676	2664
3677	2665
3678	2666
3679	2667
3680	2668
3681	2669
3682	2670
3683	2671
3684	2672
3685	2673
