contig	length_kb	n_frags	cumul_length
sctg_0	3745584	10556	0
sctg_10	1271836	3886	10556
sctg_100	546921	1590	14442
sctg_1000	6814	33	16032
sctg_1001	6781	19	16065
sctg_1002	6756	15	16084
sctg_1003	6685	23	16099
sctg_1004	6716	19	16122
sctg_1006	6569	21	16141
sctg_1007	6562	22	16162
sctg_1008	6555	26	16184
sctg_1009	6537	20	16210
sctg_101	536733	1458	16230
sctg_1010	6597	16	17688
sctg_1011	6515	19	17704
sctg_1012	7358	58	17723
sctg_1013	6499	25	17781
sctg_1014	12980	31	17806
sctg_1015	6416	15	17837
sctg_1016	6410	27	17852
sctg_1017	6407	19	17879
sctg_1018	6380	19	17898
sctg_1019	6846	16	17917
sctg_102	520191	1484	17933
sctg_1020	6345	21	19417
sctg_1021	6315	11	19438
sctg_1022	6313	29	19449
sctg_1023	6307	20	19478
sctg_1024	6307	14	19498
sctg_1026	13677	11	19512
sctg_1027	8812	9	19523
sctg_1028	14884	20	19532
sctg_1029	6278	8	19552
sctg_103	523379	1429	19560
sctg_1030	6264	12	20989
sctg_1031	6254	20	21001
sctg_1032	6248	17	21021
sctg_1033	6243	22	21038
sctg_1034	6234	29	21060
sctg_1035	15066	10	21089
sctg_1036	8633	1	21099
sctg_1037	6207	15	21100
sctg_1038	6258	19	21115
sctg_1039	6183	27	21134
sctg_104	522721	1402	21161
sctg_1040	5073	31	22563
sctg_1041	6242	19	22594
sctg_1042	6125	22	22613
sctg_1043	6221	18	22635
sctg_1044	6079	12	22653
sctg_1045	6040	11	22665
sctg_1046	6030	27	22676
sctg_1047	6240	17	22703
sctg_1048	6016	26	22720
sctg_1049	6015	2	22746
sctg_105	521263	1316	22748
sctg_1051	5972	18	24064
sctg_1052	5968	24	24082
sctg_1053	13894	9	24106
sctg_1054	5951	17	24115
sctg_1055	6522	36	24132
sctg_1056	5934	8	24168
sctg_1058	5928	21	24176
sctg_1059	5925	28	24197
sctg_106	515965	1488	24225
sctg_1060	5909	15	25713
sctg_1061	5894	13	25728
sctg_1062	5885	18	25741
sctg_1063	5884	29	25759
sctg_1064	5876	26	25788
sctg_1065	5859	28	25814
sctg_1066	6827	7	25842
sctg_1067	5833	14	25849
sctg_1068	4032	14	25863
sctg_1069	5769	20	25877
sctg_107	521539	1419	25897
sctg_1070	5768	19	27316
sctg_1071	5764	12	27335
sctg_1072	5754	24	27347
sctg_1073	5752	27	27371
sctg_1074	5799	20	27398
sctg_1075	7698	16	27418
sctg_1076	5691	17	27434
sctg_1077	5660	22	27451
sctg_1078	5633	14	27473
sctg_1079	5697	23	27487
sctg_108	521807	1479	27510
sctg_1080	6036	6	28989
sctg_1081	5574	16	28995
sctg_1082	6817	2	29011
sctg_1083	5660	11	29013
sctg_1084	5551	19	29024
sctg_1085	7155	1	29043
sctg_1086	5498	10	29044
sctg_1087	5492	43	29054
sctg_1088	6276	4	29097
sctg_1089	10690	10	29101
sctg_109	511637	1505	29111
sctg_1090	6191	42	30616
sctg_1091	5426	22	30658
sctg_1092	5641	12	30680
sctg_1093	5414	8	30692
sctg_1094	6283	7	30700
sctg_1095	8793	8	30707
sctg_1097	5357	13	30715
sctg_1098	5323	20	30728
sctg_1099	6192	18	30748
sctg_11	1201849	3492	30766
sctg_110	518109	1332	34258
sctg_1100	5400	13	35590
sctg_1101	5385	10	35603
sctg_1102	5281	23	35613
sctg_1103	5404	12	35636
sctg_1104	5231	18	35648
sctg_1105	5188	14	35666
sctg_1106	5185	9	35680
sctg_1107	5357	8	35689
sctg_1108	5453	17	35697
sctg_1109	5160	21	35714
sctg_111	507503	1412	35735
sctg_1110	5157	15	37147
sctg_1111	6071	14	37162
sctg_1112	5134	20	37176
sctg_1113	9309	1	37196
sctg_1114	5082	14	37197
sctg_1115	6407	17	37211
sctg_1116	5232	8	37228
sctg_1117	5094	12	37236
sctg_1118	4977	13	37248
sctg_1119	13383	14	37261
sctg_112	523010	1389	37275
sctg_1120	4942	20	38664
sctg_1122	6119	11	38684
sctg_1123	6258	7	38695
sctg_1124	4916	8	38702
sctg_1125	5477	10	38710
sctg_1126	4914	12	38720
sctg_1127	5881	8	38732
sctg_1128	3611	8	38740
sctg_1129	12955	10	38748
sctg_113	497380	1394	38758
sctg_1130	4893	12	40152
sctg_1131	4847	16	40164
sctg_1132	6323	8	40180
sctg_1133	7053	9	40188
sctg_1135	6807	5	40197
sctg_1136	4812	19	40202
sctg_1137	6368	32	40221
sctg_1138	4762	19	40253
sctg_1139	4326	3	40272
sctg_114	502603	1296	40275
sctg_1140	6597	1	41571
sctg_1141	6101	18	41572
sctg_1143	6148	38	41590
sctg_1144	4647	20	41628
sctg_1146	4627	11	41648
sctg_1147	4615	14	41659
sctg_1148	5345	15	41673
sctg_1149	4604	13	41688
sctg_115	504428	1405	41701
sctg_1150	3644	7	43106
sctg_1151	4688	9	43113
sctg_1152	4578	9	43122
sctg_1154	4537	10	43131
sctg_1156	4501	12	43141
sctg_1157	4473	6	43153
sctg_1158	3763	6	43159
sctg_116	506676	1333	43165
sctg_1160	4561	20	44498
sctg_1161	4460	21	44518
sctg_1162	4453	9	44539
sctg_1163	4450	11	44548
sctg_1166	4904	16	44559
sctg_1167	4510	14	44575
sctg_1168	4362	21	44589
sctg_117	508313	1300	44610
sctg_1171	4460	13	45910
sctg_1172	4309	9	45923
sctg_1173	7272	15	45932
sctg_1175	3664	17	45947
sctg_1177	12690	13	45964
sctg_118	496777	1333	45977
sctg_1180	4197	9	47310
sctg_1182	4322	12	47319
sctg_1183	4677	15	47331
sctg_1186	4065	6	47346
sctg_1187	4057	13	47352
sctg_1189	3563	33	47365
sctg_119	491596	1443	47398
sctg_1190	4113	10	48841
sctg_1192	3977	17	48851
sctg_1193	3933	13	48868
sctg_1194	3915	9	48881
sctg_1195	3912	9	48890
sctg_1199	3903	9	48899
sctg_12	1207614	3412	48908
sctg_120	483608	1364	52320
sctg_1202	3794	10	53684
sctg_1203	3793	10	53694
sctg_1204	6539	18	53704
sctg_1205	3745	8	53722
sctg_1206	3720	6	53730
sctg_1208	3662	12	53736
sctg_121	515706	1279	53748
sctg_1211	3621	14	55027
sctg_1212	3615	8	55041
sctg_1214	3603	9	55049
sctg_1215	3594	11	55058
sctg_122	487711	1327	55069
sctg_1226	3460	8	56396
sctg_123	494152	1368	56404
sctg_1230	4305	9	57772
sctg_1232	3412	10	57781
sctg_1233	3410	9	57791
sctg_1234	3405	13	57800
sctg_1237	3373	16	57813
sctg_124	476509	1355	57829
sctg_1242	3339	8	59184
sctg_1243	5827	9	59192
sctg_1246	3295	8	59201
sctg_1247	6164	11	59209
sctg_1249	3272	17	59220
sctg_125	479714	1398	59237
sctg_1250	3263	13	60635
sctg_1251	4029	27	60648
sctg_1252	3250	6	60675
sctg_1253	3243	11	60681
sctg_1254	3240	11	60692
sctg_1256	3228	7	60703
sctg_1257	3226	8	60710
sctg_126	483671	1311	60718
sctg_1262	3198	10	62029
sctg_1263	3181	7	62039
sctg_1269	7171	6	62046
sctg_127	478815	1415	62052
sctg_1270	3148	18	63467
sctg_1273	3117	13	63485
sctg_1274	3109	11	63498
sctg_1276	5519	12	63509
sctg_1277	3093	7	63521
sctg_1278	3087	8	63528
sctg_1279	3085	14	63536
sctg_128	478782	1240	63550
sctg_1280	3084	14	64790
sctg_1283	3076	7	64804
sctg_1285	3067	7	64811
sctg_1286	3060	11	64818
sctg_1288	3047	9	64829
sctg_1289	3042	11	64838
sctg_129	473873	1269	64849
sctg_1292	3023	10	66118
sctg_1295	3005	11	66128
sctg_1296	3000	13	66139
sctg_1297	3000	8	66152
sctg_1298	2996	11	66160
sctg_1299	2995	11	66171
sctg_13	1198315	3392	66182
sctg_130	461857	1348	69574
sctg_1303	2964	6	70922
sctg_1304	2958	10	70928
sctg_1305	2958	12	70938
sctg_1307	2954	9	70950
sctg_1308	2952	9	70959
sctg_1309	2950	4	70968
sctg_131	469652	1223	70972
sctg_1310	2945	10	72195
sctg_1311	2939	8	72205
sctg_1318	2911	15	72213
sctg_132	456593	1351	72228
sctg_1323	2882	8	73579
sctg_1326	2876	6	73587
sctg_133	463476	1339	73593
sctg_1330	2861	7	74932
sctg_1332	2848	11	74939
sctg_1334	2845	19	74950
sctg_1335	6167	10	74969
sctg_1336	2835	11	74979
sctg_1337	2834	4	74990
sctg_1338	2821	5	74994
sctg_1339	2820	9	74999
sctg_134	451763	1359	75008
sctg_1343	2810	14	76367
sctg_1345	2805	5	76381
sctg_1346	2800	7	76386
sctg_1347	2799	11	76393
sctg_1349	2788	9	76404
sctg_135	450597	1309	76413
sctg_1351	2779	6	77722
sctg_1356	2768	8	77728
sctg_1359	2749	4	77736
sctg_136	452496	1293	77740
sctg_1360	2747	7	79033
sctg_1361	2747	11	79040
sctg_1362	2745	13	79051
sctg_1363	2742	10	79064
sctg_1364	2738	20	79074
sctg_1366	2736	10	79094
sctg_1367	2733	6	79104
sctg_1368	2722	11	79110
sctg_137	453703	1181	79121
sctg_1370	2712	10	80302
sctg_1372	2705	3	80312
sctg_1376	2690	12	80315
sctg_1379	2686	13	80327
sctg_138	439392	1186	80340
sctg_1380	2684	17	81526
sctg_1383	2678	8	81543
sctg_1384	2677	4	81551
sctg_1387	2673	10	81555
sctg_1389	2667	5	81565
sctg_139	445129	1225	81570
sctg_1390	2666	10	82795
sctg_1394	2654	9	82805
sctg_1395	2652	8	82814
sctg_1396	2650	9	82822
sctg_1397	2648	6	82831
sctg_1398	2644	8	82837
sctg_1399	2642	10	82845
sctg_14	1172230	3453	82855
sctg_140	440654	1379	86308
sctg_1401	2640	9	87687
sctg_1402	2639	8	87696
sctg_1404	2635	11	87704
sctg_1407	2629	4	87715
sctg_1409	2622	9	87719
sctg_141	435803	1264	87728
sctg_1410	2621	10	88992
sctg_1414	2615	10	89002
sctg_1416	2613	12	89012
sctg_1417	2606	11	89024
sctg_1419	2589	8	89035
sctg_142	439713	1162	89043
sctg_1420	2588	9	90205
sctg_1421	2587	5	90214
sctg_1422	2584	12	90219
sctg_1423	2584	11	90231
sctg_1424	2580	8	90242
sctg_1425	2580	13	90250
sctg_1428	2569	9	90263
sctg_143	432829	1261	90272
sctg_1430	2566	6	91533
sctg_1436	2553	5	91539
sctg_1438	2544	9	91544
sctg_1439	2543	9	91553
sctg_144	431193	1192	91562
sctg_1441	2540	5	92754
sctg_1443	2532	10	92759
sctg_1446	2530	5	92769
sctg_1447	2530	14	92774
sctg_1448	2529	13	92788
sctg_145	436247	1153	92801
sctg_1450	2524	8	93954
sctg_1452	2521	8	93962
sctg_1455	2511	9	93970
sctg_1456	2511	6	93979
sctg_1459	2500	8	93985
sctg_146	434360	1270	93993
sctg_1460	2498	6	95263
sctg_1461	2498	15	95269
sctg_1462	2497	6	95284
sctg_1463	2497	5	95290
sctg_1464	2493	10	95295
sctg_1467	2486	8	95305
sctg_1468	2486	4	95313
sctg_147	421466	1164	95317
sctg_1472	2473	5	96481
sctg_1473	2473	12	96486
sctg_1474	2472	7	96498
sctg_1475	2464	7	96505
sctg_1476	2463	15	96512
sctg_1477	2462	9	96527
sctg_1478	2462	10	96536
sctg_148	424104	1243	96546
sctg_1480	2461	5	97789
sctg_1482	2458	8	97794
sctg_1484	2456	12	97802
sctg_1485	2455	17	97814
sctg_1487	2451	10	97831
sctg_149	416312	1198	97841
sctg_1490	2446	12	99039
sctg_1491	2443	4	99051
sctg_1492	2442	5	99055
sctg_1493	2440	8	99060
sctg_1494	2437	4	99068
sctg_1495	2436	6	99072
sctg_1496	2436	11	99078
sctg_1497	2435	10	99089
sctg_15	1139494	3158	99099
sctg_150	422755	1189	102257
sctg_1502	2427	7	103446
sctg_1505	2423	10	103453
sctg_1506	2421	9	103463
sctg_1509	2418	9	103472
sctg_151	413142	1153	103481
sctg_1511	2413	8	104634
sctg_1515	2407	7	104642
sctg_1516	2406	7	104649
sctg_1517	2402	8	104656
sctg_1518	2401	7	104664
sctg_1519	2400	9	104671
sctg_152	420878	1137	104680
sctg_1520	2399	7	105817
sctg_1522	2395	7	105824
sctg_1525	2386	10	105831
sctg_1529	2376	9	105841
sctg_153	404940	1254	105850
sctg_1530	2376	15	107104
sctg_1532	2369	10	107119
sctg_1533	2368	8	107129
sctg_1535	2366	7	107137
sctg_1536	2366	13	107144
sctg_1537	2366	6	107157
sctg_1539	2358	1	107163
sctg_154	418983	1168	107164
sctg_1541	2355	10	108332
sctg_1542	2354	9	108342
sctg_1543	2353	7	108351
sctg_1544	2350	7	108358
sctg_1545	2347	5	108365
sctg_1547	2346	8	108370
sctg_1548	2344	8	108378
sctg_1549	2344	6	108386
sctg_155	409479	1170	108392
sctg_1552	2336	12	109562
sctg_1553	2336	6	109574
sctg_1554	2335	4	109580
sctg_1555	2333	5	109584
sctg_1558	2330	10	109589
sctg_1559	2328	10	109599
sctg_156	405161	1230	109609
sctg_1560	2328	14	110839
sctg_1561	2328	1	110853
sctg_1563	2326	7	110854
sctg_1565	2325	6	110861
sctg_1566	2323	13	110867
sctg_1567	2321	5	110880
sctg_1568	2320	12	110885
sctg_1569	2318	9	110897
sctg_157	411445	1182	110906
sctg_1570	2317	9	112088
sctg_1571	2313	6	112097
sctg_1572	2313	6	112103
sctg_1573	2311	11	112109
sctg_1576	2307	14	112120
sctg_1577	2307	10	112134
sctg_1578	2306	8	112144
sctg_1579	2305	9	112152
sctg_158	408399	1137	112161
sctg_1581	2303	11	113298
sctg_1582	2301	8	113309
sctg_1586	2296	8	113317
sctg_1587	2294	7	113325
sctg_1588	2292	9	113332
sctg_1589	2289	7	113341
sctg_159	398523	1140	113348
sctg_1590	2289	5	114488
sctg_1591	2287	9	114493
sctg_1592	2286	6	114502
sctg_1593	2286	9	114508
sctg_1594	2281	4	114517
sctg_1595	2281	6	114521
sctg_16	1133270	3281	114527
sctg_160	394780	1192	117808
sctg_1600	2274	8	119000
sctg_1604	2270	5	119008
sctg_1605	2267	9	119013
sctg_1606	2262	2	119022
sctg_1607	2260	9	119024
sctg_1609	2256	7	119033
sctg_161	400297	1104	119040
sctg_1611	2255	5	120144
sctg_1612	2253	7	120149
sctg_1613	2252	10	120156
sctg_1615	2250	6	120166
sctg_1618	2244	11	120172
sctg_1619	2244	6	120183
sctg_162	401382	1106	120189
sctg_1621	2241	5	121295
sctg_1622	2240	8	121300
sctg_1624	2239	6	121308
sctg_1626	2237	10	121314
sctg_1629	2232	12	121324
sctg_163	402252	1054	121336
sctg_1630	2228	9	122390
sctg_1632	2226	4	122399
sctg_1633	2226	10	122403
sctg_1634	2226	7	122413
sctg_1635	2225	4	122420
sctg_1636	2224	6	122424
sctg_1638	2220	5	122430
sctg_164	400887	1163	122435
sctg_1640	2219	10	123598
sctg_1642	2217	6	123608
sctg_1643	2217	12	123614
sctg_1644	2217	9	123626
sctg_1647	2214	18	123635
sctg_1648	2212	5	123653
sctg_1649	2211	3	123658
sctg_165	399073	1141	123661
sctg_1650	2210	6	124802
sctg_1651	2209	8	124808
sctg_1653	2207	8	124816
sctg_1654	2207	9	124824
sctg_1655	2205	9	124833
sctg_1656	2204	5	124842
sctg_166	407929	962	124847
sctg_1661	2193	6	125809
sctg_1662	2191	2	125815
sctg_1663	2191	8	125817
sctg_1664	2191	2	125825
sctg_1665	2190	9	125827
sctg_1667	2189	5	125836
sctg_1669	2185	10	125841
sctg_167	412829	1129	125851
sctg_1674	2178	6	126980
sctg_1675	2178	9	126986
sctg_1677	2175	6	126995
sctg_1678	2175	9	127001
sctg_1679	2175	4	127010
sctg_168	392037	1172	127014
sctg_1680	2174	3	128186
sctg_1681	2173	8	128189
sctg_1682	2173	8	128197
sctg_1684	2169	15	128205
sctg_1685	2169	3	128220
sctg_1687	2164	8	128223
sctg_1689	2163	7	128231
sctg_169	393698	1043	128238
sctg_1690	2162	6	129281
sctg_1695	2159	7	129287
sctg_1697	2154	8	129294
sctg_1698	2154	3	129302
sctg_17	1123417	3160	129305
sctg_170	380651	1052	132465
sctg_1700	2153	9	133517
sctg_1701	2153	4	133526
sctg_1702	2152	9	133530
sctg_1704	2149	10	133539
sctg_1705	2147	5	133549
sctg_1707	2146	1	133554
sctg_1708	2146	7	133555
sctg_1709	2145	6	133562
sctg_171	378343	1058	133568
sctg_1710	2145	2	134626
sctg_1712	2144	8	134628
sctg_1715	2143	4	134636
sctg_1717	2141	5	134640
sctg_1718	2141	6	134645
sctg_172	376979	1165	134651
sctg_1720	2140	10	135816
sctg_1724	2134	6	135826
sctg_1726	2132	7	135832
sctg_1727	2130	10	135839
sctg_1729	2128	4	135849
sctg_173	380134	1134	135853
sctg_1731	2128	7	136987
sctg_1732	2128	7	136994
sctg_1733	2127	5	137001
sctg_1734	2127	1	137006
sctg_1735	2127	7	137007
sctg_1737	2125	12	137014
sctg_1738	2125	7	137026
sctg_174	375833	994	137033
sctg_1740	2120	9	138027
sctg_1741	2119	9	138036
sctg_1742	2119	2	138045
sctg_1743	2116	7	138047
sctg_1744	2115	6	138054
sctg_1745	2115	14	138060
sctg_1746	2115	9	138074
sctg_1747	2115	9	138083
sctg_1748	2114	4	138092
sctg_1749	2114	6	138096
sctg_175	373580	1081	138102
sctg_1750	2114	6	139183
sctg_1751	2113	6	139189
sctg_1752	2112	5	139195
sctg_1753	2112	10	139200
sctg_1755	2109	9	139210
sctg_1756	2109	6	139219
sctg_176	377841	1020	139225
sctg_1760	2107	6	140245
sctg_1762	2105	8	140251
sctg_1763	2105	11	140259
sctg_1764	2105	8	140270
sctg_1765	2104	12	140278
sctg_1766	2104	6	140290
sctg_1767	2103	5	140296
sctg_177	372647	1066	140301
sctg_1773	2095	3	141367
sctg_1776	2092	6	141370
sctg_1777	2092	5	141376
sctg_1779	2086	17	141381
sctg_178	369726	1073	141398
sctg_1782	2085	5	142471
sctg_1783	2082	10	142476
sctg_1784	2082	6	142486
sctg_1785	2081	5	142492
sctg_1786	2081	4	142497
sctg_1788	2078	5	142501
sctg_1789	2077	1	142506
sctg_179	375655	1077	142507
sctg_1791	2077	9	143584
sctg_1792	2077	8	143593
sctg_1793	2077	6	143601
sctg_1794	2074	19	143607
sctg_1795	2073	5	143626
sctg_1798	2072	8	143631
sctg_1799	2070	11	143639
sctg_18	1118169	3170	143650
sctg_180	376675	990	146820
sctg_1801	2069	5	147810
sctg_1802	2069	7	147815
sctg_1804	2068	6	147822
sctg_1805	2068	6	147828
sctg_1807	2065	12	147834
sctg_1808	2065	7	147846
sctg_181	374232	926	147853
sctg_1811	2061	7	148779
sctg_1813	2060	2	148786
sctg_1814	2060	7	148788
sctg_1815	2060	8	148795
sctg_1816	2060	10	148803
sctg_1817	2058	4	148813
sctg_1819	2056	9	148817
sctg_182	370035	997	148826
sctg_1822	2052	11	149823
sctg_1825	2050	7	149834
sctg_1828	2049	4	149841
sctg_1829	2049	7	149845
sctg_183	354741	1000	149852
sctg_1830	2048	6	150852
sctg_1833	2047	4	150858
sctg_1834	2046	5	150862
sctg_1836	2046	6	150867
sctg_1838	2045	7	150873
sctg_1839	2045	7	150880
sctg_184	359996	950	150887
sctg_1840	2043	9	151837
sctg_1841	2043	11	151846
sctg_1844	2038	3	151857
sctg_1845	2038	5	151860
sctg_1846	2038	5	151865
sctg_1847	2037	6	151870
sctg_1849	2037	5	151876
sctg_185	344804	937	151881
sctg_1852	2036	3	152818
sctg_1853	2035	9	152821
sctg_1855	2032	1	152830
sctg_1857	2030	5	152831
sctg_1859	2028	30	152836
sctg_186	353682	995	152866
sctg_1862	2027	5	153861
sctg_1863	2027	10	153866
sctg_1865	2026	7	153876
sctg_1866	2026	5	153883
sctg_1868	2023	10	153888
sctg_1869	2023	4	153898
sctg_187	344499	982	153902
sctg_1870	2023	10	154884
sctg_1872	2021	7	154894
sctg_1873	2021	2	154901
sctg_1875	2019	4	154903
sctg_1877	2016	8	154907
sctg_1878	2015	7	154915
sctg_188	350457	1003	154922
sctg_1880	2015	5	155925
sctg_1882	2012	9	155930
sctg_1883	2012	7	155939
sctg_1884	2012	4	155946
sctg_1887	2010	5	155950
sctg_1888	2009	7	155955
sctg_1889	2008	14	155962
sctg_189	344311	895	155976
sctg_1892	2006	7	156871
sctg_1893	2006	5	156878
sctg_1894	2006	5	156883
sctg_1895	2006	6	156888
sctg_1896	2004	6	156894
sctg_1897	2004	6	156900
sctg_1898	2004	9	156906
sctg_1899	2002	5	156915
sctg_19	1100642	3242	156920
sctg_190	339332	904	160162
sctg_191	333838	886	161066
sctg_192	347556	888	161952
sctg_193	329506	957	162840
sctg_194	318036	926	163797
sctg_195	318013	941	164723
sctg_196	324936	872	165664
sctg_197	321740	850	166536
sctg_198	317427	843	167386
sctg_199	313144	899	168229
sctg_2	1894020	5479	169128
sctg_20	1086620	3034	174607
sctg_200	306974	883	177641
sctg_201	315962	826	178524
sctg_202	313492	849	179350
sctg_203	309679	826	180199
sctg_204	311697	754	181025
sctg_205	299253	864	181779
sctg_206	296281	757	182643
sctg_207	293188	897	183400
sctg_208	290706	885	184297
sctg_209	288938	799	185182
sctg_21	1084631	2983	185981
sctg_210	295138	776	188964
sctg_211	289290	766	189740
sctg_212	284288	778	190506
sctg_213	286842	862	191284
sctg_214	283720	838	192146
sctg_215	283174	823	192984
sctg_216	287285	819	193807
sctg_217	279888	765	194626
sctg_218	281234	807	195391
sctg_219	275317	839	196198
sctg_22	1043410	2887	197037
sctg_220	296629	750	199924
sctg_221	271698	745	200674
sctg_222	274379	814	201419
sctg_223	271498	889	202233
sctg_224	271925	742	203122
sctg_225	266164	691	203864
sctg_226	270989	818	204555
sctg_227	267340	703	205373
sctg_228	263496	687	206076
sctg_229	278809	670	206763
sctg_23	1033721	2892	207433
sctg_230	260002	702	210325
sctg_231	265228	713	211027
sctg_232	269053	717	211740
sctg_233	253850	719	212457
sctg_234	260094	666	213176
sctg_235	257773	717	213842
sctg_236	257852	711	214559
sctg_237	253843	749	215270
sctg_238	254736	687	216019
sctg_239	251360	725	216706
sctg_24	1030715	2890	217431
sctg_240	250983	680	220321
sctg_241	246932	702	221001
sctg_242	264910	695	221703
sctg_243	254885	741	222398
sctg_244	255063	637	223139
sctg_245	246901	636	223776
sctg_246	243722	744	224412
sctg_247	244737	606	225156
sctg_248	245048	655	225762
sctg_249	238202	671	226417
sctg_25	1018262	2866	227088
sctg_250	252255	713	229954
sctg_251	237700	580	230667
sctg_252	239230	693	231247
sctg_253	238820	621	231940
sctg_254	246086	612	232561
sctg_255	236583	653	233173
sctg_256	237353	655	233826
sctg_257	236612	643	234481
sctg_258	233412	644	235124
sctg_259	230794	769	235768
sctg_26	1015445	2753	236537
sctg_260	226858	613	239290
sctg_261	227613	689	239903
sctg_262	228969	642	240592
sctg_263	229230	687	241234
sctg_264	224290	653	241921
sctg_265	230204	590	242574
sctg_266	223137	577	243164
sctg_267	220567	511	243741
sctg_268	226056	593	244252
sctg_269	219661	606	244845
sctg_27	983517	2924	245451
sctg_270	221125	624	248375
sctg_271	220629	658	248999
sctg_272	221799	621	249657
sctg_273	215636	608	250278
sctg_274	219812	604	250886
sctg_275	213446	579	251490
sctg_276	216022	585	252069
sctg_277	211255	567	252654
sctg_278	213452	671	253221
sctg_279	209511	607	253892
sctg_28	957396	2755	254499
sctg_280	222349	526	257254
sctg_281	214151	689	257780
sctg_282	209773	567	258469
sctg_283	212758	563	259036
sctg_284	191240	572	259599
sctg_285	207741	513	260171
sctg_286	205588	563	260684
sctg_287	206680	635	261247
sctg_288	202158	530	261882
sctg_289	206437	617	262412
sctg_29	944381	2857	263029
sctg_290	203236	507	265886
sctg_291	198910	590	266393
sctg_292	197495	542	266983
sctg_293	214083	521	267525
sctg_294	202284	568	268046
sctg_295	196872	546	268614
sctg_296	201648	616	269160
sctg_297	202386	565	269776
sctg_298	200421	589	270341
sctg_299	197968	587	270930
sctg_3	1695640	4826	271517
sctg_30	954774	2590	276343
sctg_300	204599	502	278933
sctg_301	199622	529	279435
sctg_302	197211	663	279964
sctg_303	202570	516	280627
sctg_304	201323	530	281143
sctg_305	195227	541	281673
sctg_306	194053	521	282214
sctg_307	191954	527	282735
sctg_308	193319	517	283262
sctg_309	191145	485	283779
sctg_31	955132	2580	284264
sctg_310	192807	558	286844
sctg_311	196843	529	287402
sctg_312	193179	549	287931
sctg_313	193636	472	288480
sctg_314	196677	560	288952
sctg_315	193907	535	289512
sctg_316	189194	552	290047
sctg_317	186307	516	290599
sctg_318	185416	549	291115
sctg_319	189723	537	291664
sctg_32	952789	2638	292201
sctg_320	191996	501	294839
sctg_321	201193	468	295340
sctg_322	183041	527	295808
sctg_323	187855	515	296335
sctg_324	186812	628	296850
sctg_325	185270	538	297478
sctg_326	182276	540	298016
sctg_327	190945	544	298556
sctg_328	182258	526	299100
sctg_329	180226	406	299626
sctg_33	929110	2491	300032
sctg_330	182203	460	302523
sctg_331	185965	465	302983
sctg_332	179690	487	303448
sctg_333	177276	489	303935
sctg_334	176980	508	304424
sctg_335	173615	468	304932
sctg_336	182521	528	305400
sctg_337	173380	480	305928
sctg_338	186656	493	306408
sctg_339	174390	468	306901
sctg_34	907134	2617	307369
sctg_340	180195	459	309986
sctg_341	174808	479	310445
sctg_342	187010	446	310924
sctg_343	174410	523	311370
sctg_344	168702	492	311893
sctg_345	186355	466	312385
sctg_346	177238	469	312851
sctg_347	166548	495	313320
sctg_348	173412	495	313815
sctg_349	191559	455	314310
sctg_35	899547	2730	314765
sctg_350	171387	479	317495
sctg_351	179708	401	317974
sctg_352	161801	431	318375
sctg_353	176139	457	318806
sctg_354	177908	465	319263
sctg_355	167448	474	319728
sctg_356	171946	463	320202
sctg_357	166872	449	320665
sctg_358	162236	472	321114
sctg_359	162983	520	321586
sctg_36	912087	2418	322106
sctg_360	159802	436	324524
sctg_361	161346	450	324960
sctg_362	160844	442	325410
sctg_363	159186	479	325852
sctg_364	168717	388	326331
sctg_365	161410	471	326719
sctg_366	159075	452	327190
sctg_367	159297	400	327642
sctg_368	155157	380	328042
sctg_369	153782	512	328422
sctg_37	908089	2472	328934
sctg_370	156160	403	331406
sctg_371	156054	405	331809
sctg_372	157547	428	332214
sctg_373	150307	409	332642
sctg_374	153132	405	333051
sctg_375	153327	405	333456
sctg_376	155251	370	333861
sctg_377	145458	407	334231
sctg_378	150407	398	334638
sctg_379	144905	440	335036
sctg_38	904685	2515	335476
sctg_380	143268	355	337991
sctg_381	144226	367	338346
sctg_382	140760	408	338713
sctg_383	145517	419	339121
sctg_384	141870	408	339540
sctg_385	143105	385	339948
sctg_386	144486	395	340333
sctg_387	140791	401	340728
sctg_388	142620	350	341129
sctg_389	141986	355	341479
sctg_39	891579	2519	341834
sctg_390	141281	374	344353
sctg_391	136178	392	344727
sctg_392	135993	337	345119
sctg_393	126236	330	345456
sctg_394	131013	387	345786
sctg_395	137042	326	346173
sctg_396	129118	372	346499
sctg_398	134090	451	346871
sctg_399	130132	382	347322
sctg_4	1667773	4746	347704
sctg_40	880874	2532	352450
sctg_400	126492	387	354982
sctg_401	128133	346	355369
sctg_402	130599	333	355715
sctg_403	123845	317	356048
sctg_404	121052	338	356365
sctg_405	127190	360	356703
sctg_406	123651	358	357063
sctg_407	120306	339	357421
sctg_408	121197	328	357760
sctg_409	124964	303	358088
sctg_41	892610	2474	358391
sctg_410	122199	314	360865
sctg_411	118254	327	361179
sctg_412	115110	332	361506
sctg_413	117111	332	361838
sctg_414	116523	335	362170
sctg_415	109603	327	362505
sctg_416	115059	332	362832
sctg_417	111451	318	363164
sctg_418	120216	360	363482
sctg_419	111904	318	363842
sctg_42	866109	2420	364160
sctg_420	110665	309	366580
sctg_421	109109	277	366889
sctg_422	115125	289	367166
sctg_423	103715	291	367455
sctg_424	105883	308	367746
sctg_425	109994	306	368054
sctg_426	104510	297	368360
sctg_427	114732	264	368657
sctg_428	100991	294	368921
sctg_429	101959	296	369215
sctg_43	857596	2295	369511
sctg_430	101059	272	371806
sctg_431	97116	338	372078
sctg_432	101588	280	372416
sctg_433	104621	274	372696
sctg_434	98862	268	372970
sctg_435	103980	298	373238
sctg_436	99304	289	373536
sctg_437	101602	276	373825
sctg_438	99637	261	374101
sctg_439	98750	270	374362
sctg_44	843311	2230	374632
sctg_440	99883	259	376862
sctg_441	103104	231	377121
sctg_442	96744	260	377352
sctg_443	102816	250	377612
sctg_444	97518	247	377862
sctg_445	94858	282	378109
sctg_446	97737	274	378391
sctg_447	93235	265	378665
sctg_448	93912	267	378930
sctg_449	93975	241	379197
sctg_45	817014	2264	379438
sctg_450	92864	277	381702
sctg_451	90826	260	381979
sctg_452	89913	278	382239
sctg_453	91069	285	382517
sctg_454	90554	268	382802
sctg_455	94836	297	383070
sctg_456	90181	250	383367
sctg_457	86411	228	383617
sctg_458	89443	273	383845
sctg_459	89364	270	384118
sctg_46	824927	2236	384388
sctg_460	88216	216	386624
sctg_461	90824	213	386840
sctg_462	87688	244	387053
sctg_463	98479	305	387297
sctg_464	88158	244	387602
sctg_465	94040	272	387846
sctg_466	85583	200	388118
sctg_467	88073	214	388318
sctg_468	79423	273	388532
sctg_469	83892	203	388805
sctg_47	806785	2154	389008
sctg_470	85960	232	391162
sctg_471	82910	188	391394
sctg_472	80225	261	391582
sctg_473	84021	245	391843
sctg_474	84980	264	392088
sctg_475	82771	214	392352
sctg_476	81377	229	392566
sctg_477	80965	237	392795
sctg_478	79439	236	393032
sctg_479	81347	241	393268
sctg_48	809313	2176	393509
sctg_480	86757	263	395685
sctg_481	80082	235	395948
sctg_482	86188	213	396183
sctg_483	78756	232	396396
sctg_484	78648	217	396628
sctg_485	77645	205	396845
sctg_486	77004	216	397050
sctg_487	75216	212	397266
sctg_488	77912	154	397478
sctg_489	74531	208	397632
sctg_49	789073	2216	397840
sctg_490	74018	244	400056
sctg_491	77015	249	400300
sctg_492	76577	194	400549
sctg_493	83472	190	400743
sctg_494	74479	204	400933
sctg_495	72752	209	401137
sctg_496	70336	222	401346
sctg_497	72037	214	401568
sctg_498	70556	201	401782
sctg_499	73115	259	401983
sctg_5	1591957	4473	402242
sctg_50	778596	2191	406715
sctg_500	77487	186	408906
sctg_501	71789	197	409092
sctg_502	73198	164	409289
sctg_503	71222	196	409453
sctg_504	70818	167	409649
sctg_505	69173	209	409816
sctg_506	73502	172	410025
sctg_507	69994	173	410197
sctg_508	65472	195	410370
sctg_509	66621	174	410565
sctg_51	782261	2104	410739
sctg_510	66590	174	412843
sctg_511	67055	210	413017
sctg_512	67548	200	413227
sctg_513	64149	203	413427
sctg_514	64508	173	413630
sctg_515	63354	174	413803
sctg_516	63439	187	413977
sctg_517	63895	155	414164
sctg_518	65304	162	414319
sctg_519	61490	142	414481
sctg_52	776760	2499	414623
sctg_520	64793	151	417122
sctg_521	63899	172	417273
sctg_522	61700	129	417445
sctg_523	59818	169	417574
sctg_524	60523	118	417743
sctg_525	57526	172	417861
sctg_526	57296	175	418033
sctg_527	59098	149	418208
sctg_528	56950	171	418357
sctg_529	58917	156	418528
sctg_53	783420	2244	418684
sctg_530	57203	162	420928
sctg_531	55537	123	421090
sctg_532	55297	169	421213
sctg_533	59501	141	421382
sctg_534	71502	157	421523
sctg_535	54074	113	421680
sctg_536	55902	164	421793
sctg_537	54110	166	421957
sctg_538	51375	116	422123
sctg_539	50649	146	422239
sctg_54	777257	2142	422385
sctg_540	67011	164	424527
sctg_541	55175	141	424691
sctg_542	53309	153	424832
sctg_543	47824	181	424985
sctg_544	56572	162	425166
sctg_545	54160	182	425328
sctg_546	50860	168	425510
sctg_547	49386	140	425678
sctg_548	49446	112	425818
sctg_549	50192	161	425930
sctg_55	759630	2266	426091
sctg_550	48804	131	428357
sctg_551	50726	152	428488
sctg_552	51451	180	428640
sctg_553	50645	138	428820
sctg_554	49459	177	428958
sctg_555	44279	139	429135
sctg_556	51281	152	429274
sctg_557	49511	139	429426
sctg_558	48212	136	429565
sctg_559	47406	150	429701
sctg_56	771551	2173	429851
sctg_560	49199	141	432024
sctg_561	50585	128	432165
sctg_562	46658	120	432293
sctg_563	49373	138	432413
sctg_564	45876	139	432551
sctg_565	44715	154	432690
sctg_566	55074	109	432844
sctg_567	47575	146	432953
sctg_568	47111	113	433099
sctg_569	43431	97	433212
sctg_57	761978	2130	433309
sctg_570	44006	109	435439
sctg_571	42377	119	435548
sctg_572	43298	157	435667
sctg_573	39726	91	435824
sctg_574	42826	108	435915
sctg_575	42123	112	436023
sctg_576	42630	124	436135
sctg_577	42443	114	436259
sctg_578	36100	112	436373
sctg_579	37291	84	436485
sctg_58	751507	2307	436569
sctg_580	41406	118	438876
sctg_581	45049	143	438994
sctg_582	41392	125	439137
sctg_583	42006	107	439262
sctg_584	40523	124	439369
sctg_585	47840	107	439493
sctg_586	44174	125	439600
sctg_587	40745	90	439725
sctg_588	44922	107	439815
sctg_589	42871	115	439922
sctg_59	752795	2112	440037
sctg_590	41994	122	442149
sctg_591	39502	107	442271
sctg_592	38235	122	442378
sctg_593	39992	82	442500
sctg_594	38435	136	442582
sctg_595	40049	105	442718
sctg_596	41098	103	442823
sctg_597	39462	87	442926
sctg_598	37862	118	443013
sctg_599	36540	119	443131
sctg_6	1394380	4081	443250
sctg_60	758589	2029	447331
sctg_600	40917	121	449360
sctg_601	34915	66	449481
sctg_602	36896	134	449547
sctg_603	36133	145	449681
sctg_604	37892	106	449826
sctg_605	38255	101	449932
sctg_606	35242	104	450033
sctg_607	44825	111	450137
sctg_608	34121	128	450248
sctg_609	33107	105	450376
sctg_61	756137	2167	450481
sctg_610	33916	104	452648
sctg_611	36635	101	452752
sctg_612	47957	96	452853
sctg_613	36036	73	452949
sctg_614	34677	95	453022
sctg_615	33206	90	453117
sctg_616	33828	99	453207
sctg_617	41492	110	453306
sctg_618	33961	80	453416
sctg_619	33210	67	453496
sctg_62	751372	2080	453563
sctg_620	36709	102	455643
sctg_621	36150	107	455745
sctg_622	32627	76	455852
sctg_623	37677	103	455928
sctg_624	32413	93	456031
sctg_625	33448	70	456124
sctg_626	34235	71	456194
sctg_627	31036	71	456265
sctg_628	29563	72	456336
sctg_629	31021	74	456408
sctg_63	728232	2179	456482
sctg_630	26911	73	458661
sctg_631	32521	90	458734
sctg_632	34329	103	458824
sctg_633	29696	96	458927
sctg_634	35317	99	459023
sctg_635	31429	94	459122
sctg_636	29798	90	459216
sctg_637	29269	90	459306
sctg_638	29080	93	459396
sctg_639	27741	60	459489
sctg_64	732705	1973	459549
sctg_640	33507	96	461522
sctg_641	28511	68	461618
sctg_642	27994	87	461686
sctg_643	31140	59	461773
sctg_644	30031	63	461832
sctg_645	27819	85	461895
sctg_646	32479	78	461980
sctg_647	28900	85	462058
sctg_648	29262	71	462143
sctg_649	26208	69	462214
sctg_65	739199	2000	462283
sctg_650	34665	91	464283
sctg_651	27727	66	464374
sctg_652	25953	82	464440
sctg_653	27618	73	464522
sctg_654	25538	66	464595
sctg_655	29849	52	464661
sctg_656	29080	70	464713
sctg_657	25193	76	464783
sctg_658	25909	73	464859
sctg_659	24973	57	464932
sctg_66	709477	1941	464989
sctg_660	24735	60	466930
sctg_661	26140	70	466990
sctg_662	24822	71	467060
sctg_663	24417	77	467131
sctg_665	24349	76	467208
sctg_666	24168	80	467284
sctg_668	22834	54	467364
sctg_669	25307	45	467418
sctg_67	698854	1987	467463
sctg_670	24510	73	469450
sctg_671	24194	54	469523
sctg_672	23419	66	469577
sctg_673	22298	53	469643
sctg_674	23827	91	469696
sctg_675	24923	72	469787
sctg_676	23170	65	469859
sctg_677	23496	69	469924
sctg_678	24946	72	469993
sctg_679	22395	85	470065
sctg_68	683462	1875	470150
sctg_680	28656	81	472025
sctg_681	23470	63	472106
sctg_682	25136	52	472169
sctg_683	22472	63	472221
sctg_684	22454	76	472284
sctg_685	30220	49	472360
sctg_686	22782	67	472409
sctg_687	21944	64	472476
sctg_688	22440	63	472540
sctg_689	21532	48	472603
sctg_69	690400	1927	472651
sctg_690	21458	56	474578
sctg_691	21531	57	474634
sctg_692	21097	79	474691
sctg_693	21638	62	474770
sctg_694	28569	54	474832
sctg_696	20914	69	474886
sctg_697	19391	76	474955
sctg_698	20372	42	475031
sctg_699	20378	64	475073
sctg_7	1392439	3969	475137
sctg_70	691862	1846	479106
sctg_700	20646	48	480952
sctg_701	21084	62	481000
sctg_702	20015	65	481062
sctg_703	20702	50	481127
sctg_704	20979	56	481177
sctg_705	19948	49	481233
sctg_706	16827	25	481282
sctg_707	20622	53	481307
sctg_708	20988	74	481360
sctg_709	19182	57	481434
sctg_71	674171	1874	481491
sctg_710	23473	61	483365
sctg_711	20708	57	483426
sctg_712	17996	58	483483
sctg_713	18912	50	483541
sctg_714	19434	55	483591
sctg_715	21970	43	483646
sctg_716	18500	57	483689
sctg_717	26922	56	483746
sctg_718	22991	50	483802
sctg_719	18081	52	483852
sctg_72	692038	1780	483904
sctg_720	19832	55	485684
sctg_721	17968	60	485739
sctg_722	17946	42	485799
sctg_723	24417	72	485841
sctg_724	17887	56	485913
sctg_725	17874	47	485969
sctg_726	22931	69	486016
sctg_727	24197	60	486085
sctg_728	15540	67	486145
sctg_729	17795	53	486212
sctg_73	658169	2002	486265
sctg_731	17172	49	488267
sctg_732	17025	34	488316
sctg_733	17008	48	488350
sctg_734	20819	46	488398
sctg_735	16729	67	488444
sctg_736	17393	40	488511
sctg_737	16493	41	488551
sctg_738	16558	41	488592
sctg_739	16312	51	488633
sctg_74	658846	1801	488684
sctg_740	16411	44	490485
sctg_741	16264	37	490529
sctg_742	16208	54	490566
sctg_743	15244	44	490620
sctg_744	16108	44	490664
sctg_745	16778	42	490708
sctg_746	17776	47	490750
sctg_747	15166	46	490797
sctg_748	16665	58	490843
sctg_749	15657	30	490901
sctg_75	656041	1822	490931
sctg_750	15600	33	492753
sctg_751	15430	49	492786
sctg_752	17124	51	492835
sctg_753	15329	52	492886
sctg_754	17496	45	492938
sctg_755	21490	32	492983
sctg_756	15548	43	493015
sctg_757	14994	47	493058
sctg_758	14831	50	493105
sctg_759	26762	49	493155
sctg_76	665784	1813	493204
sctg_760	22148	43	495017
sctg_761	14517	44	495060
sctg_762	15629	32	495104
sctg_763	14362	35	495136
sctg_764	24314	32	495171
sctg_765	14857	36	495203
sctg_766	14312	53	495239
sctg_767	15630	49	495292
sctg_768	19801	31	495341
sctg_769	14128	32	495372
sctg_77	652918	1809	495404
sctg_770	14784	29	497213
sctg_771	15169	44	497242
sctg_772	14011	45	497286
sctg_773	13991	45	497331
sctg_774	21203	41	497376
sctg_775	15067	46	497417
sctg_776	15091	44	497463
sctg_777	15265	38	497507
sctg_778	13556	36	497545
sctg_779	13551	54	497581
sctg_78	631341	1790	497635
sctg_780	13456	44	499425
sctg_781	13420	37	499469
sctg_782	13291	39	499506
sctg_783	13212	53	499545
sctg_784	13139	49	499598
sctg_785	13010	42	499647
sctg_786	14979	27	499689
sctg_787	14496	43	499716
sctg_788	12931	37	499759
sctg_789	12675	32	499796
sctg_79	621788	1726	499828
sctg_790	17088	21	501554
sctg_791	12410	29	501575
sctg_792	12581	32	501604
sctg_794	12451	32	501636
sctg_795	12324	51	501668
sctg_796	12207	21	501719
sctg_797	12205	36	501740
sctg_798	12171	29	501776
sctg_799	12048	21	501805
sctg_8	1290822	3775	501826
sctg_80	620644	1673	505601
sctg_800	12729	32	507274
sctg_801	12003	38	507306
sctg_802	11767	28	507344
sctg_803	11724	32	507372
sctg_804	11820	33	507404
sctg_805	17970	51	507437
sctg_806	12602	34	507488
sctg_807	11535	51	507522
sctg_808	11352	41	507573
sctg_809	11279	42	507614
sctg_81	626741	1637	507656
sctg_812	11158	44	509293
sctg_813	11516	28	509337
sctg_814	10470	30	509365
sctg_815	12823	18	509395
sctg_816	11053	31	509413
sctg_817	11622	29	509444
sctg_818	10904	30	509473
sctg_819	10795	31	509503
sctg_82	604434	1723	509534
sctg_820	10757	28	511257
sctg_821	18537	32	511285
sctg_823	11307	18	511317
sctg_825	10694	24	511335
sctg_826	14728	20	511359
sctg_828	14071	29	511379
sctg_829	16835	35	511408
sctg_83	599927	1813	511443
sctg_830	12270	52	513256
sctg_831	12231	28	513308
sctg_832	10345	28	513336
sctg_833	14785	26	513364
sctg_834	10078	46	513390
sctg_835	10033	28	513436
sctg_836	10020	26	513464
sctg_837	9944	35	513490
sctg_838	9880	23	513525
sctg_839	11064	33	513548
sctg_84	599728	1666	513581
sctg_840	10083	30	515247
sctg_841	9786	31	515277
sctg_842	9786	39	515308
sctg_843	9914	18	515347
sctg_844	10362	41	515365
sctg_845	9646	27	515406
sctg_846	9531	34	515433
sctg_847	14400	39	515467
sctg_848	11953	10	515506
sctg_849	9333	31	515516
sctg_85	597816	1788	515547
sctg_850	9322	33	517335
sctg_851	11127	25	517368
sctg_852	9310	24	517393
sctg_854	11117	17	517417
sctg_855	9277	28	517434
sctg_856	9267	39	517462
sctg_857	9249	29	517501
sctg_858	9240	28	517530
sctg_859	9240	33	517558
sctg_86	590616	1624	517591
sctg_860	9233	27	519215
sctg_861	9215	27	519242
sctg_862	9213	32	519269
sctg_863	9207	37	519301
sctg_864	9204	27	519338
sctg_865	9203	28	519365
sctg_866	9201	30	519393
sctg_867	9199	28	519423
sctg_868	9194	25	519451
sctg_869	9192	32	519476
sctg_87	577452	1657	519508
sctg_871	9179	24	521165
sctg_872	9168	29	521189
sctg_873	9168	23	521218
sctg_874	9163	32	521241
sctg_875	9161	23	521273
sctg_876	9161	30	521296
sctg_877	9156	29	521326
sctg_878	9155	32	521355
sctg_879	9155	31	521387
sctg_88	574566	1584	521418
sctg_880	9152	41	523002
sctg_881	9152	24	523043
sctg_882	9151	23	523067
sctg_883	9148	30	523090
sctg_884	9143	25	523120
sctg_885	9129	25	523145
sctg_887	9125	27	523170
sctg_888	9125	34	523197
sctg_889	9122	30	523231
sctg_89	572144	1635	523261
sctg_890	9121	31	524896
sctg_891	9116	32	524927
sctg_892	9116	20	524959
sctg_894	9091	28	524979
sctg_895	9083	16	525007
sctg_896	9083	37	525023
sctg_897	9067	36	525060
sctg_898	9063	38	525096
sctg_899	9061	25	525134
sctg_9	1293284	3894	525159
sctg_90	565590	1657	529053
sctg_900	9054	24	530710
sctg_901	9038	21	530734
sctg_902	7149	22	530755
sctg_903	8999	27	530777
sctg_904	8998	28	530804
sctg_905	8998	31	530832
sctg_906	8991	36	530863
sctg_907	8968	21	530899
sctg_908	8947	34	530920
sctg_909	8918	25	530954
sctg_91	564433	1715	530979
sctg_910	8910	30	532694
sctg_911	8907	29	532724
sctg_912	12722	19	532753
sctg_913	9832	24	532772
sctg_914	8875	37	532796
sctg_915	8872	25	532833
sctg_916	8853	22	532858
sctg_917	12255	42	532880
sctg_918	8825	31	532922
sctg_919	10260	34	532953
sctg_92	558846	1586	532987
sctg_920	9980	21	534573
sctg_921	11147	26	534594
sctg_922	8730	26	534620
sctg_923	8820	26	534646
sctg_924	8699	26	534672
sctg_925	8686	23	534698
sctg_926	8608	26	534721
sctg_927	8680	30	534747
sctg_928	14557	23	534777
sctg_929	8538	19	534800
sctg_93	551564	1560	534819
sctg_930	8537	21	536379
sctg_931	8506	23	536400
sctg_932	8503	27	536423
sctg_933	9290	64	536450
sctg_934	8431	26	536514
sctg_935	8412	32	536540
sctg_936	8378	26	536572
sctg_938	8268	25	536598
sctg_939	8267	41	536623
sctg_94	544140	1626	536664
sctg_940	8261	21	538290
sctg_941	8226	8	538311
sctg_942	8971	27	538319
sctg_943	8208	31	538346
sctg_944	8207	23	538377
sctg_945	8132	14	538400
sctg_946	8117	22	538414
sctg_947	9031	24	538436
sctg_949	7948	20	538460
sctg_95	539924	1534	538480
sctg_950	7911	19	540014
sctg_951	7904	11	540033
sctg_952	9351	25	540044
sctg_953	10498	13	540069
sctg_954	14002	30	540082
sctg_955	7813	27	540112
sctg_956	11439	17	540139
sctg_958	14508	15	540156
sctg_959	15061	26	540171
sctg_96	553561	1512	540197
sctg_960	8402	26	541709
sctg_961	7645	18	541735
sctg_962	7644	16	541753
sctg_963	7643	19	541769
sctg_964	9185	19	541788
sctg_965	7558	17	541807
sctg_966	8394	26	541824
sctg_967	7523	33	541850
sctg_968	7492	13	541883
sctg_969	7488	20	541896
sctg_97	551975	1529	541916
sctg_970	7480	22	543445
sctg_971	7069	19	543467
sctg_972	7550	25	543486
sctg_973	7526	21	543511
sctg_975	7498	19	543532
sctg_976	7380	22	543551
sctg_977	7654	22	543573
sctg_978	11326	25	543595
sctg_979	7315	25	543620
sctg_98	527895	1375	543645
sctg_980	7282	24	545020
sctg_981	7501	50	545044
sctg_982	12360	15	545094
sctg_983	7254	20	545109
sctg_984	13464	25	545129
sctg_985	8100	18	545154
sctg_986	7184	24	545172
sctg_987	9975	36	545196
sctg_988	7227	23	545232
sctg_99	541954	1493	545255
sctg_990	7105	28	546748
sctg_991	7074	25	546776
sctg_993	13104	26	546801
sctg_994	6914	14	546827
sctg_995	6895	20	546841
sctg_996	10769	20	546861
sctg_997	6840	20	546881
sctg_998	6818	21	546901
sctg_999	6999	23	546922
sctg_667	27246	61	546945
