current_id	super_id
1	1
2	1
3	1
4	2
5	2
6	3
7	4
8	5
9	6
10	7
11	8
12	9
13	10
14	11
15	12
16	13
17	14
18	15
19	16
20	17
21	18
22	19
23	20
24	21
25	22
26	23
27	24
28	25
29	26
30	27
31	28
32	29
33	30
34	31
35	32
36	33
37	34
38	35
39	36
40	37
41	38
42	39
43	40
44	41
45	42
46	43
47	44
48	45
49	46
50	47
51	48
52	49
53	50
54	51
55	52
56	53
57	54
58	55
59	56
60	57
61	58
62	59
63	60
64	61
65	62
66	63
67	64
68	65
69	66
70	67
71	68
72	69
73	70
74	71
75	72
76	73
77	74
78	75
79	76
80	77
81	78
82	79
83	80
84	81
85	82
86	83
87	84
88	85
89	86
90	87
91	88
92	89
93	90
94	91
95	92
96	93
97	94
98	95
99	96
100	97
101	98
102	99
103	100
104	101
105	102
106	103
107	104
108	105
109	106
110	107
111	108
112	109
113	110
114	111
115	112
116	113
117	114
118	115
119	116
120	117
121	118
122	119
123	120
124	121
125	122
126	123
127	124
128	125
129	126
130	127
131	128
132	129
133	130
134	131
135	132
136	133
137	134
138	135
139	136
140	137
141	138
142	139
143	140
144	141
145	142
146	143
147	144
148	145
149	146
150	147
151	148
152	149
153	150
154	151
155	152
156	153
157	154
158	155
159	156
160	157
161	158
162	159
163	160
164	161
165	162
166	163
167	164
168	165
169	166
170	167
171	168
172	169
173	170
174	171
175	172
176	173
177	174
178	175
179	176
180	177
181	178
182	179
183	180
184	181
185	182
186	183
187	184
188	185
189	186
190	187
191	188
192	189
193	190
194	191
195	192
196	193
197	194
198	195
199	196
200	197
201	198
202	199
203	200
204	201
205	202
206	203
207	204
208	205
209	206
210	207
211	208
212	209
213	210
214	211
215	212
216	213
217	214
218	215
219	216
220	217
221	218
222	219
223	220
224	221
225	222
226	223
227	224
228	225
229	226
230	227
231	228
232	229
233	230
234	231
235	232
236	233
237	234
238	235
239	236
240	237
241	238
242	239
243	240
244	241
245	242
246	243
247	244
248	245
249	246
250	247
251	248
252	249
253	250
254	251
255	252
256	253
257	254
258	255
259	256
260	257
261	258
262	259
263	260
264	261
265	262
266	263
267	264
268	265
269	266
270	267
271	268
272	269
273	270
274	271
275	272
276	273
277	274
278	275
279	276
280	277
281	278
282	279
283	280
284	281
285	282
286	283
287	284
288	285
289	286
290	287
291	288
292	289
293	290
294	291
295	292
296	293
297	294
298	295
299	296
300	297
301	298
302	299
303	300
304	301
305	302
306	303
307	304
308	305
309	306
310	307
311	308
312	309
313	310
314	311
315	312
316	313
317	314
318	315
319	316
320	317
321	318
322	319
323	320
324	321
325	322
326	323
327	324
328	325
329	326
330	327
331	328
332	329
333	330
334	331
335	332
336	333
337	334
338	335
339	336
340	337
341	338
342	339
343	340
344	341
345	342
346	343
347	344
348	345
349	346
350	347
351	348
352	349
353	350
354	351
355	352
356	353
357	354
358	355
359	356
360	357
361	358
362	359
363	360
364	361
365	362
366	363
367	364
368	365
369	366
370	367
371	368
372	369
373	370
374	371
375	372
376	373
377	374
378	375
379	376
380	377
381	378
382	379
383	380
384	381
385	382
386	383
387	384
388	385
389	386
390	387
391	388
392	389
393	390
394	391
395	392
396	393
397	394
398	395
399	396
400	397
401	398
402	399
403	400
404	401
405	402
406	403
407	404
408	405
409	406
410	407
411	408
412	409
413	410
414	411
415	412
416	413
417	414
418	415
419	416
420	417
421	418
422	419
423	420
424	421
425	422
426	423
427	424
428	425
429	426
430	427
431	428
432	429
433	430
434	431
435	432
436	433
437	434
438	435
439	436
440	437
441	438
442	439
443	440
444	441
445	442
446	443
447	444
448	445
449	446
450	447
451	448
452	449
453	450
454	451
455	452
456	453
457	454
458	455
459	456
460	457
461	458
462	459
463	460
464	461
465	462
466	463
467	464
468	465
469	466
470	467
471	468
472	469
473	470
474	471
475	472
476	473
477	474
478	475
479	476
480	477
481	478
482	479
483	480
484	481
485	482
486	483
487	484
488	485
489	486
490	487
491	488
492	489
493	490
494	491
495	492
496	493
497	494
498	495
499	496
500	497
501	498
502	499
503	500
504	501
505	502
506	503
507	504
508	505
509	506
510	507
511	508
512	509
513	510
514	511
515	512
516	513
517	514
518	515
519	516
520	517
521	518
522	519
523	520
524	521
525	522
526	523
527	524
528	525
529	526
530	527
531	528
532	529
533	530
534	531
535	532
536	533
537	534
538	535
539	536
540	537
541	538
542	539
543	540
544	541
545	542
546	543
547	544
548	545
549	546
550	547
551	548
552	549
553	550
554	551
555	552
556	553
557	554
558	555
559	556
560	557
561	558
562	559
563	560
564	561
565	562
566	563
567	564
568	565
569	566
570	567
571	568
572	569
573	570
574	571
575	572
576	573
577	574
578	575
579	576
580	577
581	578
582	579
583	580
584	581
585	582
586	583
587	584
588	585
589	586
590	587
591	588
592	589
593	590
594	591
595	592
596	593
597	594
598	595
599	596
600	597
601	598
602	599
603	600
604	601
605	602
606	603
607	604
608	605
609	606
610	607
611	608
612	609
613	610
614	611
615	612
616	613
617	614
618	615
619	616
620	617
621	618
622	619
623	620
624	621
625	622
626	623
627	624
628	625
629	626
630	627
631	628
632	629
633	630
634	631
635	632
636	633
637	634
638	635
639	636
640	637
641	638
642	639
643	640
644	641
645	642
646	643
647	644
648	645
649	646
650	647
651	648
652	649
653	650
654	651
655	652
656	653
657	654
658	655
659	656
660	657
661	658
662	659
663	660
664	661
665	662
666	663
667	664
668	665
669	666
670	667
671	668
672	669
673	670
674	671
675	672
676	673
677	674
678	675
679	676
680	677
681	678
682	679
683	680
684	681
685	682
686	683
687	684
688	685
689	686
690	687
691	688
692	689
693	690
694	691
695	692
696	693
697	694
698	695
699	696
700	697
701	698
702	699
703	700
704	701
705	702
706	703
707	704
708	705
709	706
710	707
711	708
712	709
713	710
714	711
715	712
716	713
717	714
718	715
719	716
720	717
721	718
722	719
723	720
724	721
725	722
726	723
727	724
728	725
729	726
730	727
731	728
732	729
733	730
734	731
735	732
736	733
737	734
738	735
739	736
740	737
741	738
742	739
743	740
744	741
745	742
746	743
747	744
748	745
749	746
750	747
751	748
752	749
753	750
754	751
755	752
756	753
757	754
758	755
759	756
760	757
761	758
762	759
763	760
764	761
765	762
766	763
767	764
768	765
769	766
770	767
771	768
772	769
773	770
774	771
775	772
776	773
777	774
778	775
779	776
780	777
781	778
782	779
783	780
784	781
785	782
786	783
787	784
788	785
789	786
790	787
791	788
792	789
793	790
794	791
795	792
796	793
797	794
798	795
799	796
800	797
801	798
802	799
803	800
804	801
805	802
806	803
807	804
808	805
809	806
810	807
811	808
812	809
813	810
814	811
815	812
816	813
817	814
818	815
819	816
820	817
821	818
822	819
823	820
824	821
825	822
826	823
827	824
828	825
829	826
830	827
831	828
832	829
833	830
834	831
835	832
836	833
837	834
838	835
839	836
840	837
841	838
842	839
843	840
844	841
845	842
846	843
847	844
848	845
849	846
850	847
851	848
852	849
853	850
854	851
855	852
856	853
857	854
858	855
859	856
860	857
861	858
862	859
863	860
864	861
865	862
866	863
867	864
868	865
869	866
870	867
871	868
872	869
873	870
874	871
875	872
876	873
877	874
878	875
879	876
880	877
881	878
882	879
883	880
884	881
885	882
886	883
887	884
888	885
889	886
890	887
891	888
892	889
893	890
894	891
895	892
896	893
897	894
898	895
899	896
900	897
901	898
902	899
903	900
904	901
905	902
906	903
907	904
908	905
909	906
910	907
911	908
912	909
913	910
914	911
915	912
916	913
917	914
918	915
919	916
920	917
921	918
922	919
923	920
924	921
925	922
926	923
927	924
928	925
929	926
930	927
931	928
932	929
933	930
934	931
935	932
936	933
937	934
938	935
939	936
940	937
941	938
942	939
943	940
944	941
945	942
946	943
947	944
948	945
949	946
950	947
951	948
952	949
953	950
954	951
955	952
956	953
957	954
958	955
959	956
960	957
961	958
962	959
963	960
964	961
965	962
966	963
967	964
968	965
969	966
970	967
971	968
972	969
973	970
974	971
975	972
976	973
977	974
978	975
979	976
980	977
981	978
982	979
983	980
984	981
985	982
986	983
987	984
988	985
989	986
990	987
991	988
992	989
993	990
994	991
995	992
996	993
997	994
998	995
999	996
1000	997
1001	998
1002	999
1003	1000
1004	1001
1005	1002
1006	1003
1007	1004
1008	1005
1009	1006
1010	1007
1011	1008
1012	1009
1013	1010
1014	1011
1015	1012
1016	1013
1017	1014
1018	1015
1019	1016
1020	1017
1021	1018
1022	1019
1023	1020
1024	1021
1025	1022
1026	1023
1027	1024
1028	1025
1029	1026
1030	1027
1031	1028
1032	1029
1033	1030
1034	1031
1035	1032
1036	1033
1037	1034
1038	1035
1039	1036
1040	1037
1041	1038
1042	1039
1043	1040
1044	1041
1045	1042
1046	1043
1047	1044
1048	1045
1049	1046
1050	1047
1051	1048
1052	1049
1053	1050
1054	1051
1055	1052
1056	1053
1057	1054
1058	1055
1059	1056
1060	1057
1061	1058
1062	1059
1063	1060
1064	1061
1065	1062
1066	1063
1067	1064
1068	1065
1069	1066
1070	1067
1071	1068
1072	1069
1073	1070
1074	1071
1075	1072
1076	1073
1077	1074
1078	1075
1079	1076
1080	1077
1081	1078
1082	1079
1083	1080
1084	1081
1085	1082
1086	1083
1087	1084
1088	1085
1089	1086
1090	1087
1091	1088
1092	1089
1093	1090
1094	1091
1095	1092
1096	1093
1097	1094
1098	1095
1099	1096
1100	1097
1101	1098
1102	1099
1103	1100
1104	1101
1105	1102
1106	1103
1107	1104
1108	1105
1109	1106
1110	1107
1111	1108
1112	1109
1113	1110
1114	1111
1115	1112
1116	1113
1117	1114
1118	1115
1119	1116
1120	1117
1121	1118
1122	1119
1123	1120
1124	1121
1125	1122
1126	1123
1127	1124
1128	1125
1129	1126
1130	1127
1131	1128
1132	1129
1133	1130
1134	1131
1135	1132
1136	1133
1137	1134
1138	1135
1139	1136
1140	1137
1141	1138
1142	1138
1143	1138
1144	1139
1145	1140
1146	1141
1147	1142
1148	1143
1149	1144
1150	1145
1151	1146
1152	1147
1153	1148
1154	1149
1155	1150
1156	1151
1157	1152
1158	1153
1159	1154
1160	1155
1161	1156
1162	1157
1163	1158
1164	1159
1165	1160
1166	1161
1167	1162
1168	1163
1169	1164
1170	1165
1171	1166
1172	1167
1173	1168
1174	1169
1175	1170
1176	1171
1177	1172
1178	1173
1179	1174
1180	1175
1181	1176
1182	1177
1183	1178
1184	1179
1185	1180
1186	1181
1187	1182
1188	1183
1189	1184
1190	1185
1191	1186
1192	1187
1193	1188
1194	1189
1195	1190
1196	1191
1197	1192
1198	1193
1199	1194
1200	1195
1201	1196
1202	1197
1203	1198
1204	1199
1205	1200
1206	1201
1207	1202
1208	1203
1209	1204
1210	1205
1211	1206
1212	1207
1213	1208
1214	1209
1215	1210
1216	1211
1217	1212
1218	1213
1219	1214
1220	1215
1221	1216
1222	1217
1223	1218
1224	1219
1225	1220
1226	1221
1227	1222
1228	1223
1229	1224
1230	1225
1231	1226
1232	1227
1233	1228
1234	1229
1235	1230
1236	1231
1237	1232
1238	1233
1239	1234
1240	1235
1241	1236
1242	1237
1243	1238
1244	1239
1245	1240
1246	1241
1247	1242
1248	1243
1249	1244
1250	1245
1251	1246
1252	1247
1253	1248
1254	1249
1255	1250
1256	1251
1257	1252
1258	1253
1259	1254
1260	1255
1261	1256
1262	1257
1263	1258
1264	1259
1265	1260
1266	1261
1267	1262
1268	1263
1269	1264
1270	1265
1271	1266
1272	1267
1273	1268
1274	1269
1275	1270
1276	1271
1277	1272
1278	1273
1279	1274
1280	1275
1281	1276
1282	1277
1283	1278
1284	1279
1285	1280
1286	1281
1287	1282
1288	1283
1289	1284
1290	1285
1291	1286
1292	1287
1293	1288
1294	1289
1295	1290
1296	1291
1297	1292
1298	1293
1299	1294
1300	1295
1301	1296
1302	1297
1303	1298
1304	1299
1305	1300
1306	1301
1307	1302
1308	1303
1309	1304
1310	1305
1311	1306
1312	1307
1313	1308
1314	1309
1315	1310
1316	1311
1317	1312
1318	1313
1319	1314
1320	1315
1321	1316
1322	1317
1323	1318
1324	1319
1325	1320
1326	1321
1327	1322
1328	1323
1329	1324
1330	1325
1331	1326
1332	1327
1333	1328
1334	1329
1335	1330
1336	1331
1337	1332
1338	1333
1339	1334
1340	1335
1341	1336
1342	1337
1343	1338
1344	1339
1345	1340
1346	1341
1347	1342
1348	1343
1349	1344
1350	1345
1351	1346
1352	1347
1353	1348
1354	1349
1355	1350
1356	1351
1357	1352
1358	1353
1359	1354
1360	1355
1361	1356
1362	1357
1363	1358
1364	1359
1365	1360
1366	1361
1367	1362
1368	1363
1369	1364
1370	1365
1371	1366
1372	1367
1373	1368
1374	1369
1375	1370
1376	1371
1377	1372
1378	1373
1379	1374
1380	1375
1381	1376
1382	1377
1383	1378
1384	1379
1385	1380
1386	1381
1387	1382
1388	1383
1389	1384
1390	1385
1391	1386
1392	1387
1393	1388
1394	1389
1395	1390
1396	1391
1397	1392
1398	1393
1399	1394
1400	1395
1401	1396
1402	1397
1403	1398
1404	1399
1405	1400
1406	1401
1407	1402
1408	1403
1409	1404
1410	1405
1411	1406
1412	1407
1413	1408
1414	1409
1415	1410
1416	1411
1417	1412
1418	1413
1419	1414
1420	1415
1421	1416
1422	1417
1423	1418
1424	1419
1425	1420
1426	1421
1427	1422
1428	1423
1429	1424
1430	1425
1431	1426
1432	1427
1433	1428
1434	1429
1435	1430
1436	1431
1437	1432
1438	1433
1439	1434
1440	1435
1441	1436
1442	1437
1443	1438
1444	1439
1445	1440
1446	1441
1447	1442
1448	1443
1449	1444
1450	1445
1451	1446
1452	1447
1453	1448
1454	1449
1455	1450
1456	1451
1457	1452
1458	1453
1459	1454
1460	1455
1461	1456
1462	1457
1463	1458
1464	1459
1465	1460
1466	1461
1467	1462
1468	1463
1469	1464
1470	1465
1471	1466
1472	1467
1473	1468
1474	1469
1475	1470
1476	1471
1477	1472
1478	1473
1479	1474
1480	1475
1481	1476
1482	1477
1483	1478
1484	1479
1485	1480
1486	1481
1487	1482
1488	1483
1489	1484
1490	1485
1491	1486
1492	1487
1493	1488
1494	1489
1495	1490
1496	1491
1497	1492
1498	1493
1499	1494
1500	1495
1501	1496
1502	1497
1503	1498
1504	1499
1505	1500
1506	1501
1507	1502
1508	1503
1509	1504
1510	1505
1511	1506
1512	1507
1513	1508
1514	1509
1515	1510
1516	1511
1517	1512
1518	1513
1519	1514
1520	1515
1521	1516
1522	1517
1523	1518
1524	1519
1525	1520
1526	1521
1527	1522
1528	1523
1529	1524
1530	1525
1531	1526
1532	1527
1533	1528
1534	1529
1535	1530
1536	1531
1537	1532
1538	1533
1539	1534
1540	1535
1541	1536
1542	1537
1543	1538
1544	1539
1545	1540
1546	1541
1547	1542
1548	1543
1549	1544
1550	1545
1551	1546
1552	1547
1553	1548
1554	1549
1555	1550
1556	1551
1557	1552
1558	1553
1559	1554
1560	1555
1561	1556
1562	1557
1563	1558
1564	1559
1565	1560
1566	1561
1567	1562
1568	1563
1569	1564
1570	1565
1571	1566
1572	1567
1573	1568
1574	1569
1575	1570
1576	1571
1577	1572
1578	1573
1579	1574
1580	1575
1581	1576
1582	1577
1583	1578
1584	1579
1585	1580
1586	1581
1587	1582
1588	1583
1589	1584
1590	1585
1591	1586
1592	1587
1593	1588
1594	1589
1595	1590
1596	1591
1597	1592
1598	1593
1599	1594
1600	1595
1601	1596
1602	1597
1603	1598
1604	1599
1605	1600
1606	1601
1607	1602
1608	1603
1609	1604
1610	1605
1611	1606
1612	1607
1613	1608
1614	1609
1615	1610
1616	1611
1617	1612
1618	1613
1619	1614
1620	1615
1621	1616
1622	1617
1623	1618
1624	1619
1625	1620
1626	1621
1627	1622
1628	1623
1629	1624
1630	1625
1631	1626
1632	1627
1633	1628
1634	1629
1635	1630
1636	1631
1637	1632
1638	1633
1639	1634
1640	1635
1641	1636
1642	1637
1643	1638
1644	1639
1645	1640
1646	1641
1647	1642
1648	1643
1649	1644
1650	1645
1651	1646
1652	1647
1653	1648
1654	1649
1655	1650
1656	1651
1657	1652
1658	1653
1659	1654
1660	1655
1661	1656
1662	1657
1663	1658
1664	1659
1665	1660
1666	1661
1667	1662
1668	1663
1669	1664
1670	1665
1671	1666
1672	1667
1673	1668
1674	1669
1675	1670
1676	1671
1677	1672
1678	1673
1679	1674
1680	1675
1681	1676
1682	1677
1683	1678
1684	1679
1685	1680
1686	1681
1687	1682
1688	1683
1689	1684
1690	1685
1691	1686
1692	1687
1693	1688
1694	1689
1695	1690
1696	1691
1697	1692
1698	1693
1699	1694
1700	1695
1701	1696
1702	1697
1703	1698
1704	1699
1705	1700
1706	1701
1707	1702
1708	1703
1709	1704
1710	1705
1711	1706
1712	1707
1713	1708
1714	1709
1715	1710
1716	1711
1717	1712
1718	1713
1719	1714
1720	1715
1721	1716
1722	1717
1723	1718
1724	1719
1725	1720
1726	1721
1727	1722
1728	1723
1729	1724
1730	1725
1731	1726
1732	1727
1733	1728
1734	1729
1735	1730
1736	1731
1737	1732
1738	1733
1739	1734
1740	1735
1741	1736
1742	1737
1743	1738
1744	1739
1745	1740
1746	1741
1747	1742
1748	1743
1749	1744
1750	1745
1751	1746
1752	1747
1753	1748
1754	1749
1755	1750
1756	1751
1757	1752
1758	1753
1759	1754
1760	1755
1761	1756
1762	1757
1763	1758
1764	1759
1765	1760
1766	1761
1767	1762
1768	1763
1769	1764
1770	1765
1771	1766
1772	1767
1773	1768
1774	1769
1775	1770
1776	1771
1777	1772
1778	1773
1779	1774
1780	1775
1781	1776
1782	1777
1783	1778
1784	1779
1785	1780
1786	1781
1787	1782
1788	1783
1789	1784
1790	1785
1791	1786
1792	1787
1793	1788
1794	1789
1795	1790
1796	1791
1797	1792
1798	1793
1799	1794
1800	1795
1801	1796
1802	1797
1803	1798
1804	1799
1805	1800
1806	1801
1807	1802
1808	1803
1809	1804
1810	1805
1811	1806
1812	1807
1813	1808
1814	1809
1815	1810
1816	1811
1817	1812
1818	1813
1819	1814
1820	1815
1821	1816
1822	1817
1823	1818
1824	1819
1825	1820
1826	1821
1827	1822
1828	1823
1829	1824
1830	1825
1831	1826
1832	1827
1833	1828
1834	1829
1835	1830
1836	1831
1837	1832
1838	1833
1839	1834
1840	1835
1841	1836
1842	1837
1843	1838
1844	1839
1845	1840
1846	1841
1847	1842
1848	1843
1849	1844
1850	1845
1851	1846
1852	1847
1853	1848
1854	1849
1855	1850
1856	1851
1857	1852
1858	1853
1859	1854
1860	1855
1861	1856
1862	1857
1863	1858
1864	1859
1865	1860
1866	1861
1867	1862
1868	1863
1869	1864
1870	1865
1871	1866
1872	1867
1873	1868
1874	1869
1875	1870
1876	1871
1877	1872
1878	1873
1879	1874
1880	1875
1881	1876
1882	1877
1883	1878
1884	1879
1885	1880
1886	1881
1887	1882
1888	1883
1889	1884
1890	1885
1891	1886
1892	1887
1893	1888
1894	1889
1895	1890
1896	1891
1897	1892
1898	1893
1899	1894
1900	1895
1901	1896
1902	1897
1903	1898
1904	1899
1905	1900
1906	1901
1907	1902
1908	1903
1909	1904
1910	1905
1911	1906
1912	1907
1913	1908
1914	1909
1915	1910
1916	1911
1917	1912
1918	1913
1919	1914
1920	1915
1921	1916
1922	1917
1923	1918
1924	1919
1925	1920
1926	1921
1927	1922
1928	1923
1929	1924
1930	1925
1931	1926
1932	1927
1933	1928
1934	1929
1935	1930
1936	1931
1937	1932
1938	1933
1939	1934
1940	1935
1941	1936
1942	1937
1943	1938
1944	1939
1945	1940
1946	1941
1947	1942
1948	1943
1949	1944
1950	1945
1951	1946
1952	1947
1953	1948
1954	1949
1955	1950
1956	1951
1957	1952
1958	1953
1959	1954
1960	1955
1961	1956
1962	1957
1963	1958
1964	1959
1965	1960
1966	1961
1967	1962
1968	1963
1969	1964
1970	1965
1971	1966
1972	1967
1973	1968
1974	1969
1975	1970
1976	1971
1977	1972
1978	1973
1979	1974
1980	1975
1981	1976
1982	1977
1983	1978
1984	1979
1985	1980
1986	1981
1987	1982
1988	1983
1989	1984
1990	1985
1991	1986
1992	1987
1993	1988
1994	1989
1995	1990
1996	1991
1997	1992
1998	1993
1999	1994
2000	1995
2001	1996
2002	1997
2003	1998
2004	1999
2005	2000
2006	2001
2007	2002
2008	2003
2009	2004
2010	2005
2011	2006
2012	2007
2013	2008
2014	2009
2015	2010
2016	2011
2017	2012
2018	2013
2019	2014
2020	2015
2021	2016
2022	2017
2023	2018
2024	2019
2025	2020
2026	2021
2027	2022
2028	2023
2029	2024
2030	2025
2031	2026
2032	2027
2033	2028
2034	2029
2035	2030
2036	2031
2037	2032
2038	2033
2039	2034
2040	2035
2041	2036
2042	2037
2043	2038
2044	2039
2045	2040
2046	2041
2047	2042
2048	2043
2049	2044
2050	2045
2051	2046
2052	2047
2053	2048
2054	2049
2055	2050
2056	2051
2057	2052
2058	2053
2059	2054
2060	2055
2061	2056
2062	2057
2063	2058
2064	2059
2065	2060
2066	2061
2067	2062
2068	2063
2069	2064
2070	2065
2071	2066
2072	2067
2073	2068
2074	2069
2075	2070
2076	2071
2077	2072
2078	2073
2079	2074
2080	2075
2081	2076
2082	2077
2083	2078
2084	2079
2085	2080
2086	2081
2087	2082
2088	2083
2089	2084
2090	2085
2091	2086
2092	2087
2093	2088
2094	2089
2095	2090
2096	2091
2097	2092
2098	2093
2099	2094
2100	2095
2101	2096
2102	2097
2103	2098
2104	2099
2105	2100
2106	2101
2107	2102
2108	2103
2109	2104
2110	2105
2111	2106
2112	2107
2113	2108
2114	2109
2115	2110
2116	2111
2117	2112
2118	2113
2119	2114
2120	2115
2121	2116
2122	2117
2123	2118
2124	2119
2125	2120
2126	2121
2127	2122
2128	2123
2129	2124
2130	2125
2131	2126
2132	2127
2133	2128
2134	2129
2135	2130
2136	2131
2137	2132
2138	2133
2139	2134
2140	2135
2141	2136
2142	2137
2143	2138
2144	2139
2145	2140
2146	2141
2147	2142
2148	2143
2149	2144
2150	2145
2151	2146
2152	2147
2153	2148
2154	2149
2155	2150
2156	2151
2157	2152
2158	2153
2159	2154
2160	2155
2161	2156
2162	2157
2163	2158
2164	2159
2165	2160
2166	2161
2167	2162
2168	2163
2169	2164
2170	2165
2171	2166
2172	2167
2173	2168
2174	2169
2175	2170
2176	2171
2177	2172
2178	2173
2179	2174
2180	2175
2181	2176
2182	2177
2183	2178
2184	2179
2185	2180
2186	2181
2187	2182
2188	2183
2189	2184
2190	2185
2191	2186
2192	2187
2193	2188
2194	2189
2195	2190
2196	2191
2197	2192
2198	2193
2199	2194
2200	2195
2201	2196
2202	2197
2203	2198
2204	2199
2205	2200
2206	2201
2207	2202
2208	2203
2209	2204
2210	2205
2211	2206
2212	2207
2213	2208
2214	2209
2215	2210
2216	2211
2217	2212
2218	2213
2219	2214
2220	2215
2221	2216
2222	2217
2223	2218
2224	2219
2225	2220
2226	2221
2227	2222
2228	2223
2229	2224
2230	2225
2231	2226
2232	2227
2233	2228
2234	2229
2235	2230
2236	2231
2237	2232
2238	2233
2239	2234
2240	2235
2241	2236
2242	2237
2243	2238
2244	2239
2245	2240
2246	2241
2247	2242
2248	2243
2249	2244
2250	2245
2251	2246
2252	2247
2253	2248
2254	2249
2255	2250
2256	2251
2257	2252
2258	2253
2259	2254
2260	2255
2261	2256
2262	2257
2263	2258
2264	2259
2265	2260
2266	2261
2267	2262
2268	2263
2269	2264
2270	2265
2271	2266
2272	2267
2273	2268
2274	2269
2275	2270
2276	2271
2277	2272
2278	2273
2279	2274
2280	2275
2281	2276
2282	2277
2283	2278
2284	2279
2285	2280
2286	2281
2287	2282
2288	2283
2289	2284
2290	2285
2291	2286
2292	2287
2293	2288
2294	2289
2295	2290
2296	2291
2297	2292
2298	2293
2299	2294
2300	2295
2301	2296
2302	2297
2303	2298
2304	2299
2305	2300
2306	2301
2307	2302
2308	2303
2309	2304
2310	2305
2311	2306
2312	2307
2313	2308
2314	2309
2315	2310
2316	2311
2317	2312
2318	2313
2319	2314
2320	2315
2321	2316
2322	2317
2323	2318
2324	2319
2325	2320
2326	2321
2327	2322
2328	2323
2329	2324
2330	2325
2331	2326
2332	2327
2333	2328
2334	2329
2335	2330
2336	2331
2337	2332
2338	2333
2339	2334
2340	2335
2341	2336
2342	2337
2343	2338
2344	2339
2345	2340
2346	2341
2347	2342
2348	2343
2349	2344
2350	2345
2351	2346
2352	2347
2353	2348
2354	2349
2355	2350
2356	2351
2357	2352
2358	2353
2359	2354
2360	2355
2361	2356
2362	2357
2363	2358
2364	2359
2365	2360
2366	2361
2367	2362
2368	2363
2369	2364
2370	2365
2371	2366
2372	2367
2373	2368
2374	2369
2375	2370
2376	2371
2377	2372
2378	2373
2379	2374
2380	2375
2381	2376
2382	2377
2383	2378
2384	2379
2385	2380
2386	2381
2387	2382
2388	2383
2389	2384
2390	2385
2391	2386
2392	2387
2393	2388
2394	2389
2395	2390
2396	2391
2397	2392
2398	2393
2399	2394
2400	2395
2401	2396
2402	2397
2403	2398
2404	2399
2405	2400
2406	2401
2407	2402
2408	2403
2409	2404
2410	2405
2411	2406
2412	2407
2413	2408
2414	2409
2415	2410
2416	2411
2417	2412
2418	2413
2419	2414
2420	2415
2421	2416
2422	2417
2423	2418
2424	2419
2425	2420
2426	2421
2427	2422
2428	2423
2429	2424
2430	2425
2431	2426
2432	2427
2433	2428
2434	2429
2435	2430
2436	2431
2437	2432
2438	2433
2439	2434
2440	2435
2441	2436
2442	2437
2443	2438
2444	2439
2445	2440
2446	2441
2447	2442
2448	2443
2449	2444
2450	2445
2451	2446
2452	2447
2453	2448
2454	2449
2455	2450
2456	2451
2457	2452
2458	2453
2459	2454
2460	2455
2461	2456
2462	2457
2463	2458
2464	2459
2465	2460
2466	2461
2467	2462
2468	2463
2469	2464
2470	2465
2471	2466
2472	2467
2473	2468
2474	2469
2475	2470
2476	2471
2477	2472
2478	2473
2479	2474
2480	2475
2481	2476
2482	2477
2483	2478
2484	2479
2485	2480
2486	2481
2487	2482
2488	2483
2489	2484
