current_id	super_id
1	1
2	1
3	1
4	2
5	2
6	2
7	3
8	3
9	3
10	4
11	4
12	4
13	5
14	6
15	6
16	6
17	7
18	7
19	8
20	9
21	10
22	11
23	12
24	13
25	14
26	15
27	16
28	17
29	18
30	19
31	20
32	21
33	22
34	23
35	24
36	25
37	26
38	27
39	28
40	29
41	30
42	31
43	32
44	33
45	34
46	35
47	36
48	37
49	38
50	39
51	40
52	41
53	42
54	43
55	44
56	45
57	46
58	47
59	48
60	49
61	50
62	51
63	52
64	53
65	54
66	55
67	56
68	57
69	58
70	59
71	60
72	61
73	62
74	63
75	64
76	65
77	66
78	67
79	68
80	69
81	70
82	71
83	72
84	73
85	74
86	75
87	76
88	77
89	78
90	79
91	80
92	81
93	82
94	83
95	84
96	85
97	86
98	87
99	88
100	89
101	90
102	91
103	92
104	93
105	94
106	95
107	96
108	97
109	98
110	99
111	100
112	101
113	102
114	103
115	104
116	105
117	106
118	107
119	108
120	109
121	110
122	111
123	112
124	113
125	114
126	115
127	116
128	117
129	118
130	119
131	120
132	121
133	122
134	123
135	124
136	125
137	126
138	127
139	128
140	129
141	130
142	131
143	132
144	133
145	134
146	135
147	136
148	137
149	138
150	139
151	140
152	141
153	142
154	143
155	144
156	145
157	146
158	147
159	148
160	149
161	150
162	151
163	152
164	153
165	154
166	155
167	156
168	157
169	158
170	159
171	160
172	161
173	162
174	163
175	164
176	165
177	166
178	167
179	168
180	169
181	170
182	171
183	172
184	173
185	174
186	175
187	176
188	177
189	178
190	179
191	180
192	181
193	181
194	181
195	182
196	182
197	183
198	184
199	185
200	186
201	187
202	188
203	189
204	190
205	191
206	192
207	193
208	194
209	195
210	196
211	197
212	198
213	199
214	200
215	201
216	202
217	203
218	204
219	205
220	206
221	207
222	208
223	209
224	210
225	211
226	212
227	213
228	214
229	215
230	216
231	217
232	218
233	219
234	220
235	221
236	222
237	223
238	224
239	225
240	226
241	227
242	228
243	229
244	230
245	231
246	232
247	233
248	234
249	235
250	236
251	237
252	238
253	239
254	240
255	241
256	242
257	243
258	244
259	245
260	246
261	247
262	248
263	249
264	250
265	251
266	252
267	253
268	254
269	255
270	256
271	257
272	258
273	259
274	260
275	261
276	262
277	263
278	264
279	265
280	266
281	267
282	268
283	269
284	270
285	271
286	272
287	273
288	274
289	275
290	276
291	277
292	278
293	279
294	280
295	281
296	282
297	283
298	284
299	285
300	286
301	287
302	288
303	289
304	290
305	291
306	292
307	293
308	294
309	295
310	296
311	297
312	298
313	299
314	300
315	301
316	302
317	303
318	304
319	305
320	306
321	307
322	308
323	309
324	310
325	311
326	312
327	313
328	314
329	315
330	316
331	317
332	318
333	319
334	320
335	321
336	322
337	323
338	324
339	325
340	326
341	327
342	328
343	329
344	329
345	329
346	330
347	331
348	332
349	333
350	334
351	335
352	336
353	337
354	338
355	339
356	340
357	341
358	342
359	343
360	344
361	345
362	346
363	347
364	348
365	349
366	350
367	351
368	352
369	353
370	354
371	355
372	356
373	357
374	358
375	359
376	360
377	361
378	362
379	363
380	364
381	365
382	366
383	367
384	368
385	369
386	370
387	371
388	372
389	373
390	374
391	375
392	376
393	377
394	378
395	379
396	380
397	381
398	382
399	383
400	384
401	385
402	386
403	387
404	388
405	389
406	390
407	391
408	392
409	393
410	394
411	395
412	396
413	397
414	398
415	399
416	400
417	401
418	402
419	403
420	404
421	405
422	406
423	407
424	408
425	409
426	410
427	411
428	412
429	413
430	414
431	415
432	416
433	417
434	418
435	419
436	420
437	421
438	422
439	423
440	424
441	425
442	425
443	425
444	426
445	427
446	428
447	429
448	430
449	431
450	432
451	433
452	434
453	435
454	436
455	437
456	438
457	439
458	440
459	441
460	442
461	443
462	444
463	445
464	446
465	447
466	448
467	449
468	450
469	451
470	452
471	453
472	454
473	455
474	456
475	457
476	458
477	459
478	460
479	461
480	462
481	463
482	464
483	465
484	466
485	467
486	468
487	469
488	470
489	471
490	472
491	473
492	474
493	475
494	476
495	477
496	478
497	479
498	480
499	481
500	482
501	483
502	484
503	485
504	486
505	487
506	488
507	489
508	490
509	491
510	492
511	493
512	494
513	495
514	496
515	497
516	498
517	499
518	500
519	501
520	502
521	503
522	504
523	505
524	506
525	507
526	508
527	509
528	510
529	511
530	512
531	513
532	514
533	515
534	516
535	517
536	518
537	519
538	520
539	521
540	522
541	523
542	524
543	525
544	526
545	527
546	527
547	527
548	528
549	529
550	530
551	531
552	532
553	533
554	534
555	535
556	536
557	537
558	538
559	539
560	540
561	541
562	542
563	543
564	544
565	545
566	546
567	547
568	548
569	549
570	550
571	551
572	552
573	553
574	554
575	555
576	556
577	557
578	558
579	559
580	560
581	561
582	562
583	563
584	564
585	565
586	566
587	567
588	568
589	569
590	570
591	571
592	572
593	573
594	574
595	575
596	576
597	577
598	578
599	579
600	580
601	581
602	582
603	583
604	584
605	585
606	586
607	587
608	588
609	589
610	590
611	591
612	592
613	593
614	594
615	595
616	596
617	597
618	598
619	599
620	600
621	601
622	602
623	603
624	604
625	605
626	606
627	607
628	608
629	609
630	610
631	611
632	612
633	613
634	614
635	615
636	616
637	617
638	618
639	619
640	620
641	621
642	622
643	623
644	624
645	625
646	626
647	627
648	628
649	629
650	630
651	631
652	632
653	633
654	634
655	635
656	635
657	635
658	636
659	637
660	638
661	639
662	640
663	641
664	642
665	643
666	644
667	645
668	646
669	647
670	648
671	649
672	650
673	651
674	652
675	653
676	654
677	655
678	656
679	657
680	658
681	659
682	660
683	661
684	662
685	663
686	664
687	665
688	666
689	667
690	668
691	669
692	670
693	671
694	672
695	673
696	674
697	675
698	676
699	677
700	678
701	679
702	680
703	681
704	682
705	683
706	684
707	685
708	686
709	687
710	688
711	689
712	690
713	691
714	692
715	693
716	694
717	695
718	696
719	697
720	698
721	699
722	700
723	701
724	702
725	703
726	704
727	705
728	706
729	707
730	708
731	709
732	710
733	711
734	712
735	713
736	714
737	715
738	716
739	717
740	718
741	719
742	720
743	721
744	722
745	723
746	724
747	725
748	726
749	727
750	728
751	729
752	730
753	731
754	732
755	733
756	734
757	735
758	736
759	737
760	738
761	739
762	740
763	741
764	742
765	743
766	744
767	745
768	746
769	746
770	746
771	747
772	748
773	749
774	750
775	751
776	752
777	753
778	754
779	755
780	756
781	757
782	758
783	759
784	760
785	761
786	762
787	763
788	764
789	765
790	766
791	767
792	768
793	769
794	770
795	771
796	772
797	773
798	774
799	775
800	776
801	777
802	778
803	779
804	780
805	781
806	782
807	783
808	784
809	785
810	786
811	787
812	788
813	789
814	790
815	791
816	792
817	793
818	794
819	795
820	796
821	797
822	798
823	799
824	800
825	801
826	802
827	803
828	804
829	805
830	806
831	807
832	808
833	809
834	810
835	811
836	812
837	813
838	814
839	815
840	816
841	817
842	818
843	819
844	820
845	821
846	822
847	823
848	824
849	825
850	826
851	827
852	828
853	829
854	830
855	831
856	832
857	833
858	834
859	835
860	836
861	837
862	838
863	839
864	840
865	841
866	842
867	843
868	844
869	845
870	846
871	847
872	848
873	849
874	850
875	851
876	852
877	853
878	854
879	855
880	856
881	857
882	858
883	859
884	860
885	861
886	862
887	863
888	863
889	863
890	864
891	865
892	866
893	867
894	868
895	869
896	870
897	871
898	872
899	873
900	874
901	875
902	876
903	877
904	878
905	879
906	880
907	881
908	882
909	883
910	884
911	885
912	886
913	887
914	888
915	889
916	890
917	891
918	892
919	893
920	894
921	895
922	896
923	897
924	898
925	899
926	900
927	901
928	902
929	903
930	904
931	905
932	906
933	907
934	908
935	909
936	910
937	911
938	912
939	913
940	914
941	915
942	916
943	917
944	918
945	919
946	920
947	921
948	922
949	923
950	924
951	925
952	926
953	927
954	928
955	929
956	930
957	931
958	932
959	933
960	934
961	935
962	936
963	937
964	938
965	939
966	940
967	941
968	942
969	943
970	944
971	945
972	946
973	947
974	948
975	949
976	950
977	951
978	952
979	953
980	954
981	955
982	956
983	957
984	958
985	959
986	960
987	961
988	962
989	963
990	964
991	965
992	966
993	967
994	968
995	969
996	970
997	971
998	972
999	973
1000	974
1001	975
1002	976
1003	977
1004	978
1005	979
1006	980
1007	981
1008	982
1009	983
1010	984
1011	985
1012	986
1013	987
1014	988
1015	989
1016	990
1017	990
1018	990
1019	991
1020	992
1021	993
1022	994
1023	995
1024	996
1025	997
1026	998
1027	999
1028	1000
1029	1001
1030	1002
1031	1003
1032	1004
1033	1005
1034	1006
1035	1007
1036	1008
1037	1009
1038	1010
1039	1011
1040	1012
1041	1013
1042	1014
1043	1015
1044	1016
1045	1017
1046	1018
1047	1019
1048	1020
1049	1021
1050	1022
1051	1023
1052	1024
1053	1025
1054	1026
1055	1027
1056	1028
1057	1029
1058	1030
1059	1031
1060	1032
1061	1033
1062	1034
1063	1035
1064	1036
1065	1037
1066	1038
1067	1039
1068	1040
1069	1041
1070	1042
1071	1043
1072	1044
1073	1045
1074	1046
1075	1047
1076	1048
1077	1049
1078	1050
1079	1051
1080	1052
1081	1053
1082	1054
1083	1055
1084	1056
1085	1057
1086	1058
1087	1059
1088	1060
1089	1061
1090	1062
1091	1063
1092	1064
1093	1065
1094	1066
1095	1067
1096	1068
1097	1069
1098	1070
1099	1071
1100	1072
1101	1073
1102	1074
1103	1075
1104	1076
1105	1077
1106	1078
1107	1079
1108	1080
1109	1081
1110	1082
1111	1083
1112	1084
1113	1085
1114	1086
1115	1087
1116	1088
1117	1089
1118	1090
1119	1091
1120	1092
1121	1093
1122	1094
1123	1095
1124	1096
1125	1097
1126	1098
1127	1099
1128	1100
1129	1101
1130	1102
1131	1103
1132	1104
1133	1105
1134	1106
1135	1107
1136	1108
1137	1109
1138	1110
1139	1111
1140	1112
1141	1113
1142	1114
1143	1115
1144	1116
1145	1117
1146	1118
1147	1119
1148	1120
1149	1121
1150	1121
1151	1121
1152	1122
1153	1123
1154	1124
1155	1125
1156	1126
1157	1127
1158	1128
1159	1129
1160	1130
1161	1131
1162	1132
1163	1133
1164	1134
1165	1135
1166	1136
1167	1137
1168	1138
1169	1139
1170	1140
1171	1141
1172	1141
1173	1141
1174	1142
1175	1142
1176	1142
1177	1143
1178	1144
1179	1144
1180	1144
1181	1145
1182	1146
1183	1147
1184	1148
1185	1149
1186	1150
1187	1151
1188	1152
1189	1153
1190	1154
1191	1155
1192	1156
1193	1157
1194	1158
1195	1159
1196	1160
1197	1160
1198	1160
1199	1161
1200	1162
1201	1163
1202	1164
1203	1165
1204	1166
1205	1167
1206	1168
1207	1169
1208	1170
1209	1171
1210	1172
1211	1173
1212	1173
1213	1173
1214	1174
1215	1175
1216	1176
1217	1177
1218	1178
1219	1179
1220	1180
1221	1181
1222	1182
1223	1183
1224	1184
1225	1185
1226	1186
1227	1186
1228	1186
1229	1187
1230	1188
1231	1189
1232	1190
1233	1191
1234	1192
1235	1193
1236	1194
1237	1195
1238	1196
1239	1197
1240	1198
1241	1198
1242	1198
1243	1199
1244	1200
1245	1201
1246	1202
1247	1203
1248	1204
1249	1205
1250	1206
1251	1207
1252	1208
1253	1209
1254	1210
1255	1210
1256	1210
1257	1211
1258	1212
1259	1213
1260	1214
1261	1215
1262	1216
1263	1217
1264	1218
1265	1219
1266	1220
1267	1221
1268	1222
1269	1222
1270	1222
1271	1223
1272	1224
1273	1225
1274	1226
1275	1227
1276	1228
1277	1229
1278	1230
1279	1231
1280	1232
1281	1233
1282	1234
1283	1235
1284	1235
1285	1235
1286	1236
1287	1237
1288	1238
1289	1239
1290	1240
1291	1241
1292	1242
1293	1243
1294	1244
1295	1245
1296	1246
1297	1247
1298	1248
1299	1248
1300	1248
1301	1249
1302	1250
1303	1251
1304	1252
1305	1253
1306	1254
1307	1255
1308	1256
1309	1257
1310	1258
1311	1259
1312	1260
1313	1261
1314	1262
1315	1263
1316	1264
1317	1265
1318	1266
1319	1267
1320	1267
1321	1267
1322	1268
1323	1269
1324	1270
1325	1271
1326	1272
1327	1273
1328	1274
1329	1275
1330	1276
1331	1277
1332	1278
1333	1279
1334	1280
1335	1281
1336	1282
1337	1283
1338	1284
1339	1285
1340	1286
1341	1286
1342	1286
1343	1287
1344	1287
1345	1287
1346	1288
1347	1288
1348	1288
1349	1289
1350	1290
1351	1291
1352	1292
1353	1293
1354	1294
1355	1295
1356	1296
1357	1297
1358	1298
1359	1299
1360	1300
1361	1301
1362	1302
1363	1303
1364	1304
1365	1305
1366	1306
1367	1307
1368	1308
1369	1309
1370	1309
1371	1309
1372	1310
1373	1311
1374	1312
1375	1313
1376	1314
1377	1315
1378	1316
1379	1317
1380	1318
1381	1319
1382	1320
1383	1321
1384	1322
1385	1323
1386	1324
1387	1325
1388	1326
1389	1327
1390	1328
1391	1329
1392	1330
1393	1331
1394	1331
1395	1331
1396	1332
1397	1333
1398	1334
1399	1335
1400	1336
1401	1337
1402	1338
1403	1339
1404	1340
1405	1341
1406	1342
1407	1343
1408	1344
1409	1345
1410	1346
1411	1347
1412	1348
1413	1349
1414	1350
1415	1351
1416	1352
1417	1352
1418	1352
1419	1353
1420	1354
1421	1355
1422	1356
1423	1357
1424	1358
1425	1359
1426	1360
1427	1361
1428	1362
1429	1363
1430	1364
1431	1365
1432	1366
1433	1367
1434	1368
1435	1369
1436	1370
1437	1371
1438	1372
1439	1373
1440	1373
1441	1373
1442	1374
1443	1375
1444	1376
1445	1377
1446	1378
1447	1379
1448	1380
1449	1381
1450	1382
1451	1383
1452	1384
1453	1385
1454	1386
1455	1387
1456	1388
1457	1389
1458	1390
1459	1391
1460	1392
1461	1393
1462	1394
1463	1395
1464	1395
1465	1395
1466	1396
1467	1397
1468	1398
1469	1399
1470	1400
1471	1401
1472	1402
1473	1403
1474	1404
1475	1405
1476	1406
1477	1407
1478	1408
1479	1409
1480	1410
1481	1411
1482	1412
1483	1413
1484	1414
1485	1415
1486	1416
1487	1417
1488	1417
1489	1417
1490	1418
1491	1419
1492	1420
1493	1421
1494	1422
1495	1423
1496	1424
1497	1425
1498	1426
1499	1427
1500	1428
1501	1429
1502	1430
1503	1431
1504	1432
1505	1433
1506	1434
1507	1435
1508	1436
1509	1437
1510	1438
1511	1438
1512	1438
1513	1439
1514	1440
1515	1441
1516	1442
1517	1443
1518	1444
1519	1445
1520	1446
1521	1447
1522	1448
1523	1449
1524	1450
1525	1451
1526	1452
1527	1453
1528	1454
1529	1455
1530	1456
1531	1457
1532	1458
1533	1459
1534	1459
1535	1459
1536	1460
1537	1461
1538	1462
1539	1463
1540	1464
1541	1465
1542	1466
1543	1467
1544	1468
1545	1469
1546	1470
1547	1471
1548	1472
1549	1473
1550	1474
1551	1475
1552	1476
1553	1477
1554	1478
1555	1479
1556	1480
1557	1480
1558	1480
1559	1481
1560	1482
1561	1483
1562	1484
1563	1485
1564	1486
1565	1487
1566	1488
1567	1489
1568	1490
1569	1491
1570	1492
1571	1493
1572	1494
1573	1495
1574	1496
1575	1497
1576	1498
1577	1499
1578	1499
1579	1499
1580	1500
1581	1500
1582	1500
1583	1501
1584	1501
1585	1501
1586	1502
1587	1503
1588	1504
1589	1505
1590	1506
1591	1507
1592	1508
1593	1509
1594	1510
1595	1511
1596	1512
1597	1513
1598	1514
1599	1515
1600	1516
1601	1517
1602	1518
1603	1519
1604	1520
1605	1521
1606	1522
1607	1522
1608	1522
1609	1523
1610	1524
1611	1525
1612	1526
1613	1527
1614	1528
1615	1529
1616	1530
1617	1531
1618	1532
1619	1533
1620	1534
1621	1535
1622	1536
1623	1537
1624	1538
1625	1539
1626	1540
1627	1541
1628	1542
1629	1543
1630	1543
1631	1543
1632	1544
1633	1545
1634	1546
1635	1547
1636	1548
1637	1549
1638	1550
1639	1551
1640	1552
1641	1553
1642	1554
1643	1555
1644	1556
1645	1557
1646	1558
1647	1559
1648	1560
1649	1561
1650	1561
1651	1561
1652	1562
1653	1563
1654	1564
1655	1565
1656	1566
1657	1567
1658	1568
1659	1569
1660	1570
1661	1571
1662	1572
1663	1573
1664	1573
1665	1573
1666	1574
1667	1575
1668	1576
1669	1577
1670	1578
1671	1579
1672	1580
1673	1581
1674	1582
1675	1583
1676	1584
1677	1585
1678	1585
1679	1585
1680	1586
1681	1587
1682	1588
1683	1589
1684	1590
1685	1591
1686	1592
1687	1593
1688	1594
1689	1595
1690	1596
1691	1596
1692	1596
1693	1597
1694	1598
1695	1599
1696	1600
1697	1601
1698	1602
1699	1603
1700	1604
1701	1605
1702	1606
1703	1607
1704	1608
1705	1608
1706	1608
1707	1609
1708	1610
1709	1611
1710	1612
1711	1613
1712	1614
1713	1615
1714	1616
1715	1617
1716	1618
1717	1619
1718	1619
1719	1619
1720	1620
1721	1621
1722	1622
1723	1623
1724	1624
1725	1625
1726	1626
1727	1627
1728	1628
1729	1629
1730	1630
1731	1631
1732	1631
1733	1631
1734	1632
1735	1633
1736	1634
1737	1635
1738	1636
1739	1637
1740	1638
1741	1639
1742	1640
1743	1641
1744	1642
1745	1642
1746	1642
1747	1643
1748	1643
1749	1643
1750	1644
1751	1644
1752	1644
1753	1645
1754	1646
1755	1647
1756	1648
1757	1649
1758	1650
1759	1651
1760	1652
1761	1653
1762	1654
1763	1655
1764	1656
1765	1657
1766	1658
1767	1659
1768	1660
1769	1661
1770	1662
1771	1662
1772	1662
1773	1663
1774	1664
1775	1665
1776	1666
1777	1667
1778	1668
1779	1669
1780	1670
1781	1671
1782	1672
1783	1673
1784	1674
1785	1675
1786	1676
1787	1677
1788	1678
1789	1679
1790	1680
1791	1680
1792	1680
1793	1681
1794	1682
1795	1683
1796	1684
1797	1685
1798	1686
1799	1687
1800	1688
1801	1689
1802	1690
1803	1691
1804	1692
1805	1693
1806	1694
1807	1695
1808	1696
1809	1697
1810	1698
1811	1699
1812	1700
1813	1701
1814	1701
1815	1701
1816	1702
1817	1703
1818	1704
1819	1705
1820	1706
1821	1707
1822	1708
1823	1709
1824	1710
1825	1711
1826	1712
1827	1713
1828	1714
1829	1715
1830	1716
1831	1717
1832	1718
1833	1719
1834	1720
1835	1721
1836	1722
1837	1722
1838	1722
1839	1723
1840	1724
1841	1725
1842	1726
1843	1727
1844	1728
1845	1729
1846	1730
1847	1731
1848	1732
1849	1733
1850	1734
1851	1735
1852	1736
1853	1737
1854	1738
1855	1739
1856	1740
1857	1741
1858	1742
1859	1743
1860	1743
1861	1743
1862	1744
1863	1745
1864	1746
1865	1747
1866	1748
1867	1749
1868	1750
1869	1751
1870	1752
1871	1753
1872	1754
1873	1755
1874	1756
1875	1757
1876	1758
1877	1759
1878	1760
1879	1761
1880	1762
1881	1763
1882	1764
1883	1764
1884	1764
1885	1765
1886	1766
1887	1767
1888	1768
1889	1769
1890	1770
1891	1771
1892	1772
1893	1773
1894	1774
1895	1775
1896	1776
1897	1777
1898	1778
1899	1779
1900	1780
1901	1781
1902	1782
1903	1783
1904	1784
1905	1785
1906	1785
1907	1785
1908	1786
1909	1787
1910	1788
1911	1789
1912	1790
1913	1791
1914	1792
1915	1793
1916	1794
1917	1795
1918	1796
1919	1797
1920	1798
1921	1799
1922	1800
1923	1801
1924	1802
1925	1803
1926	1804
1927	1804
1928	1804
1929	1805
1930	1806
1931	1807
1932	1808
1933	1809
1934	1810
1935	1811
1936	1812
1937	1813
1938	1814
1939	1815
1940	1816
1941	1817
1942	1818
1943	1819
1944	1820
1945	1821
1946	1822
1947	1823
1948	1824
1949	1824
1950	1824
1951	1825
1952	1826
1953	1827
1954	1828
1955	1829
1956	1830
1957	1831
1958	1832
1959	1833
1960	1834
1961	1835
1962	1836
1963	1837
1964	1838
1965	1839
1966	1840
1967	1841
1968	1842
1969	1843
1970	1843
1971	1843
1972	1844
1973	1844
1974	1845
1975	1845
1976	1845
1977	1846
1978	1847
1979	1848
1980	1849
1981	1850
1982	1851
1983	1852
1984	1853
1985	1854
1986	1855
1987	1856
1988	1857
1989	1858
1990	1859
1991	1860
1992	1861
1993	1862
1994	1863
1995	1864
1996	1864
1997	1864
1998	1865
1999	1866
2000	1867
2001	1868
2002	1869
2003	1870
2004	1871
2005	1872
2006	1873
2007	1874
2008	1875
2009	1876
2010	1877
2011	1878
2012	1879
2013	1880
2014	1880
2015	1880
2016	1881
2017	1882
2018	1883
2019	1884
2020	1885
2021	1886
2022	1887
2023	1888
2024	1889
2025	1890
2026	1891
2027	1892
2028	1893
2029	1894
2030	1894
2031	1894
2032	1895
2033	1896
2034	1897
2035	1898
2036	1899
2037	1900
2038	1901
2039	1902
2040	1903
2041	1904
2042	1905
2043	1906
2044	1907
2045	1908
2046	1909
2047	1909
2048	1909
2049	1910
2050	1911
2051	1912
2052	1913
2053	1914
2054	1915
2055	1916
2056	1917
2057	1918
2058	1919
2059	1920
2060	1921
2061	1922
2062	1922
2063	1922
2064	1923
2065	1924
2066	1925
2067	1926
2068	1927
2069	1928
2070	1929
2071	1930
2072	1931
2073	1932
2074	1933
2075	1934
2076	1935
2077	1935
2078	1935
2079	1936
2080	1937
2081	1938
2082	1939
2083	1940
2084	1941
2085	1942
2086	1943
2087	1944
2088	1945
2089	1946
2090	1947
2091	1947
2092	1947
2093	1948
2094	1949
2095	1950
2096	1951
2097	1952
2098	1953
2099	1954
2100	1955
2101	1956
2102	1957
2103	1958
2104	1959
2105	1960
2106	1960
2107	1960
2108	1961
2109	1962
2110	1963
2111	1964
2112	1965
2113	1966
2114	1967
2115	1968
2116	1969
2117	1970
2118	1971
2119	1972
2120	1973
2121	1974
2122	1975
2123	1976
2124	1976
2125	1976
2126	1977
2127	1978
2128	1979
2129	1980
2130	1981
2131	1982
2132	1983
2133	1984
2134	1985
2135	1986
2136	1987
2137	1988
2138	1989
2139	1990
2140	1991
2141	1992
2142	1992
2143	1992
2144	1993
2145	1993
2146	1994
2147	1994
2148	1994
2149	1995
2150	1996
2151	1997
2152	1998
2153	1999
2154	2000
2155	2001
2156	2002
2157	2003
2158	2004
2159	2005
2160	2006
2161	2007
2162	2008
2163	2009
2164	2010
2165	2011
2166	2012
2167	2013
2168	2013
2169	2013
2170	2014
2171	2015
2172	2016
2173	2017
2174	2018
2175	2019
2176	2020
2177	2021
2178	2022
2179	2023
2180	2024
2181	2025
2182	2026
2183	2027
2184	2028
2185	2029
2186	2030
2187	2031
2188	2032
2189	2033
2190	2034
2191	2034
2192	2034
2193	2035
2194	2036
2195	2037
2196	2038
2197	2039
2198	2040
2199	2041
2200	2042
2201	2043
2202	2044
2203	2045
2204	2046
2205	2047
2206	2048
2207	2049
2208	2050
2209	2051
2210	2052
2211	2052
2212	2052
2213	2053
2214	2054
2215	2055
2216	2056
2217	2057
2218	2058
2219	2059
2220	2060
2221	2061
2222	2062
2223	2063
2224	2064
2225	2065
2226	2066
2227	2067
2228	2068
2229	2069
2230	2070
2231	2071
2232	2071
2233	2071
2234	2072
2235	2073
2236	2074
2237	2075
2238	2076
2239	2077
2240	2078
2241	2079
2242	2080
2243	2081
2244	2082
2245	2083
2246	2084
2247	2085
2248	2086
2249	2087
2250	2088
2251	2089
2252	2090
2253	2091
2254	2091
2255	2091
2256	2092
2257	2093
2258	2094
2259	2095
2260	2096
2261	2097
2262	2098
2263	2099
2264	2100
2265	2101
2266	2102
2267	2103
2268	2104
2269	2105
2270	2106
2271	2107
2272	2108
2273	2109
2274	2110
2275	2111
2276	2111
2277	2111
2278	2112
2279	2113
2280	2114
2281	2115
2282	2116
2283	2117
2284	2118
2285	2119
2286	2120
2287	2121
2288	2122
2289	2123
2290	2124
2291	2125
2292	2126
2293	2127
2294	2128
2295	2129
2296	2130
2297	2131
2298	2131
2299	2131
2300	2132
2301	2133
2302	2134
2303	2135
2304	2136
2305	2137
2306	2138
2307	2139
2308	2140
2309	2141
2310	2142
2311	2143
2312	2144
2313	2145
2314	2146
2315	2147
2316	2148
2317	2149
2318	2150
2319	2151
2320	2151
2321	2151
2322	2152
2323	2153
2324	2154
2325	2155
2326	2156
2327	2157
2328	2158
2329	2159
2330	2160
2331	2161
2332	2162
2333	2163
2334	2164
2335	2165
2336	2166
2337	2167
2338	2168
2339	2169
2340	2170
2341	2171
2342	2171
2343	2171
2344	2172
2345	2173
2346	2174
2347	2175
2348	2176
2349	2177
2350	2178
2351	2179
2352	2180
2353	2181
2354	2182
2355	2183
2356	2184
2357	2184
2358	2184
2359	2185
2360	2185
2361	2186
2362	2187
2363	2188
2364	2189
2365	2190
2366	2191
2367	2192
2368	2193
2369	2194
2370	2195
2371	2196
2372	2197
2373	2198
2374	2199
2375	2200
2376	2201
2377	2202
2378	2203
2379	2204
2380	2205
2381	2206
2382	2207
2383	2208
2384	2209
2385	2210
2386	2211
2387	2212
2388	2213
2389	2214
2390	2215
2391	2216
2392	2217
2393	2218
2394	2218
2395	2218
2396	2219
2397	2220
2398	2221
2399	2222
2400	2223
2401	2224
2402	2225
2403	2226
2404	2227
2405	2228
2406	2229
2407	2230
2408	2230
2409	2230
2410	2231
2411	2232
2412	2233
2413	2234
2414	2235
2415	2236
2416	2237
2417	2238
2418	2239
2419	2240
2420	2241
2421	2242
2422	2243
2423	2244
2424	2245
2425	2246
2426	2247
2427	2248
2428	2249
2429	2250
2430	2251
2431	2252
2432	2253
2433	2254
2434	2255
2435	2256
2436	2257
2437	2258
2438	2259
2439	2260
2440	2261
2441	2262
2442	2263
2443	2264
2444	2264
2445	2264
2446	2265
2447	2266
2448	2267
2449	2268
2450	2269
2451	2270
2452	2271
2453	2272
2454	2273
2455	2274
2456	2275
2457	2276
2458	2277
2459	2278
2460	2279
2461	2280
2462	2281
2463	2282
2464	2283
2465	2284
2466	2285
2467	2286
2468	2287
2469	2288
2470	2289
2471	2290
2472	2291
2473	2292
2474	2293
2475	2294
2476	2295
2477	2296
2478	2297
2479	2298
2480	2299
2481	2300
2482	2301
2483	2302
2484	2303
2485	2304
2486	2305
2487	2306
2488	2307
2489	2308
2490	2309
2491	2310
2492	2311
2493	2312
2494	2313
2495	2314
2496	2315
2497	2316
2498	2317
2499	2318
2500	2319
2501	2320
2502	2321
2503	2322
2504	2323
2505	2324
2506	2325
2507	2326
2508	2327
2509	2328
2510	2329
2511	2330
2512	2331
2513	2331
2514	2331
2515	2332
2516	2332
2517	2333
2518	2334
2519	2335
2520	2336
2521	2337
2522	2338
2523	2339
2524	2340
2525	2341
2526	2342
2527	2343
2528	2344
2529	2345
2530	2346
2531	2347
2532	2348
2533	2349
2534	2350
2535	2351
2536	2352
2537	2353
2538	2354
2539	2355
2540	2356
2541	2357
2542	2358
2543	2359
2544	2360
2545	2361
2546	2362
2547	2363
2548	2364
2549	2365
2550	2366
2551	2367
2552	2368
2553	2369
2554	2370
2555	2371
2556	2372
2557	2373
2558	2374
2559	2375
2560	2376
2561	2377
2562	2378
2563	2379
2564	2380
2565	2381
2566	2382
2567	2383
2568	2384
2569	2385
2570	2386
2571	2387
2572	2388
2573	2389
2574	2390
2575	2391
2576	2392
2577	2393
2578	2394
2579	2395
2580	2396
2581	2397
2582	2398
2583	2399
2584	2400
2585	2401
2586	2402
2587	2403
2588	2404
2589	2405
2590	2406
2591	2407
2592	2408
2593	2409
2594	2410
2595	2411
2596	2412
2597	2413
2598	2414
2599	2415
2600	2416
2601	2417
2602	2418
2603	2419
2604	2420
2605	2421
2606	2422
2607	2423
2608	2424
2609	2425
2610	2426
2611	2427
2612	2428
2613	2429
2614	2430
2615	2431
2616	2432
2617	2433
2618	2434
2619	2435
2620	2436
2621	2437
2622	2438
2623	2439
2624	2440
2625	2441
2626	2442
2627	2443
2628	2444
2629	2445
2630	2446
2631	2447
2632	2448
2633	2449
2634	2450
2635	2451
2636	2452
2637	2453
2638	2454
2639	2455
2640	2456
2641	2457
2642	2458
2643	2459
2644	2460
2645	2461
2646	2462
2647	2463
2648	2464
2649	2465
2650	2466
2651	2467
2652	2468
2653	2469
2654	2470
2655	2471
2656	2472
2657	2473
2658	2474
2659	2475
2660	2476
2661	2477
2662	2478
2663	2479
2664	2480
2665	2481
2666	2482
2667	2483
2668	2484
2669	2485
2670	2486
2671	2487
2672	2488
2673	2489
